,Date,Weights,Profit,Base Profit,C,JPM,TCF,UMBF,PFE,JNJ,ABT,BMY,INTC,XLNX,KOPN,MXIM,cash
0,2014-02-13,"[0.        0.3333333 0.3333333 0.        0.        0.        0.
 0.        0.        0.        0.3333333 0.        0.       ]",0.99999999999,0.9999999999907121,0.3333333134651184,0.3333333134651184,0.0,0.0,0.0,0.0,0.0,0.0,0.0,0.3333333134651184,0.0,0.0,0.0
1,2014-02-14,[0.  0.  0.  0.  0.  0.  0.2 0.2 0.  0.2 0.  0.2 0.2],0.9982547337914889,0.9974604837239718,0.0,0.0,0.0,0.0,0.0,0.20000000298023224,0.20000000298023224,0.0,0.20000000298023224,0.0,0.20000000298023224,0.20000000298023224,0.0
2,2014-02-18,[0.   0.   0.25 0.25 0.25 0.   0.   0.   0.   0.25 0.   0.   0.  ],1.0116021421400938,1.0106967940855442,0.0,0.25,0.25,0.25,0.0,0.0,0.0,0.0,0.25,0.0,0.0,0.0,0.0
3,2014-02-19,"[0.         0.14285715 0.14285715 0.14285715 0.         0.14285715
 0.         0.         0.14285715 0.         0.14285715 0.14285715
 0.        ]",1.014705445330247,1.0133234775967068,0.1428571492433548,0.1428571492433548,0.1428571492433548,0.0,0.1428571492433548,0.0,0.0,0.1428571492433548,0.0,0.1428571492433548,0.1428571492433548,0.0,0.0
4,2014-02-20,"[0.        0.1111111 0.1111111 0.        0.        0.1111111 0.1111111
 0.1111111 0.1111111 0.1111111 0.1111111 0.1111111 0.       ]",1.0285926808557535,1.0182097107618133,0.1111111044883728,0.1111111044883728,0.0,0.0,0.1111111044883728,0.1111111044883728,0.1111111044883728,0.1111111044883728,0.1111111044883728,0.1111111044883728,0.1111111044883728,0.0,0.0
5,2014-02-21,[0.   0.   0.   0.   0.   0.   0.   0.25 0.25 0.   0.25 0.25 0.  ],1.0247517574850085,1.0123099493921808,0.0,0.0,0.0,0.0,0.0,0.0,0.25,0.25,0.0,0.25,0.25,0.0,0.0
6,2014-02-24,"[0.         0.14285715 0.         0.         0.         0.14285715
 0.14285715 0.14285715 0.14285715 0.14285715 0.         0.
 0.14285715]",1.0363799325967906,1.019280365335215,0.1428571492433548,0.0,0.0,0.0,0.1428571492433548,0.1428571492433548,0.1428571492433548,0.1428571492433548,0.1428571492433548,0.0,0.0,0.1428571492433548,0.0
7,2014-02-25,"[0.         0.         0.14285715 0.14285715 0.14285715 0.
 0.14285715 0.         0.         0.14285715 0.14285715 0.14285715
 0.        ]",1.0364976556860372,1.01694368434514,0.0,0.1428571492433548,0.1428571492433548,0.1428571492433548,0.0,0.1428571492433548,0.0,0.0,0.1428571492433548,0.1428571492433548,0.1428571492433548,0.0,0.0
8,2014-02-26,"[0.         0.16666666 0.16666666 0.16666666 0.         0.
 0.16666666 0.         0.         0.         0.16666666 0.
 0.16666666]",1.0411553849540034,1.0211383467157589,0.1666666567325592,0.1666666567325592,0.1666666567325592,0.0,0.0,0.1666666567325592,0.0,0.0,0.0,0.1666666567325592,0.0,0.1666666567325592,0.0
9,2014-02-27,"[0.    0.125 0.    0.    0.125 0.125 0.    0.    0.125 0.125 0.125 0.125
 0.125]",1.03659540453802,1.0167283555784874,0.125,0.0,0.0,0.125,0.125,0.0,0.0,0.125,0.125,0.125,0.125,0.125,0.0
10,2014-02-28,"[0.         0.16666666 0.16666666 0.         0.16666666 0.
 0.16666666 0.16666666 0.         0.         0.         0.
 0.16666666]",1.0403437134301354,1.0180364507004962,0.1666666567325592,0.1666666567325592,0.0,0.1666666567325592,0.0,0.1666666567325592,0.1666666567325592,0.0,0.0,0.0,0.0,0.1666666567325592,0.0
11,2014-03-03,"[0.    0.125 0.125 0.125 0.    0.125 0.125 0.    0.125 0.125 0.    0.
 0.125]",1.0443119805259486,1.0227867020522432,0.125,0.125,0.125,0.0,0.125,0.125,0.0,0.125,0.125,0.0,0.0,0.125,0.0
12,2014-03-04,"[0.         0.         0.         0.16666666 0.         0.16666666
 0.16666666 0.16666666 0.16666666 0.         0.         0.16666666
 0.        ]",1.0365592861433721,1.0155077772936543,0.0,0.0,0.1666666567325592,0.0,0.1666666567325592,0.1666666567325592,0.1666666567325592,0.1666666567325592,0.0,0.0,0.1666666567325592,0.0,0.0
13,2014-03-05,[0.  0.2 0.  0.  0.2 0.  0.2 0.2 0.  0.  0.  0.  0.2],1.0546977566303652,1.0288146376642093,0.20000000298023224,0.0,0.0,0.20000000298023224,0.0,0.20000000298023224,0.20000000298023224,0.0,0.0,0.0,0.0,0.20000000298023224,0.0
14,2014-03-06,[0.   0.   0.   0.25 0.   0.   0.25 0.25 0.   0.   0.25 0.   0.  ],1.067121382430051,1.0424859641548803,0.0,0.0,0.25,0.0,0.0,0.25,0.25,0.0,0.0,0.25,0.0,0.0,0.0
15,2014-03-07,"[0.         0.14285715 0.14285715 0.         0.         0.14285715
 0.         0.         0.14285715 0.14285715 0.         0.14285715
 0.14285715]",1.0649213967859263,1.042793005646104,0.1428571492433548,0.1428571492433548,0.0,0.0,0.1428571492433548,0.0,0.0,0.1428571492433548,0.1428571492433548,0.0,0.1428571492433548,0.1428571492433548,0.0
16,2014-03-10,"[0.         0.14285715 0.14285715 0.14285715 0.         0.
 0.14285715 0.14285715 0.         0.         0.         0.14285715
 0.14285715]",1.0691692578810108,1.0485689253067103,0.1428571492433548,0.1428571492433548,0.1428571492433548,0.0,0.0,0.1428571492433548,0.1428571492433548,0.0,0.0,0.0,0.1428571492433548,0.1428571492433548,0.0
17,2014-03-11,"[0.         0.16666666 0.         0.         0.         0.
 0.16666666 0.         0.16666666 0.16666666 0.         0.16666666
 0.16666666]",1.058560866326869,1.041218034323049,0.1666666567325592,0.0,0.0,0.0,0.0,0.1666666567325592,0.0,0.1666666567325592,0.1666666567325592,0.0,0.1666666567325592,0.1666666567325592,0.0
18,2014-03-12,"[0.        0.        0.3333333 0.        0.        0.        0.
 0.        0.3333333 0.        0.        0.3333333 0.       ]",1.0639267299462656,1.0457824838926273,0.0,0.3333333134651184,0.0,0.0,0.0,0.0,0.0,0.3333333134651184,0.0,0.0,0.3333333134651184,0.0,0.0
19,2014-03-13,"[0.        0.3333333 0.        0.        0.3333333 0.        0.
 0.        0.3333333 0.        0.        0.        0.       ]",1.0439733180015296,1.0322912240575244,0.3333333134651184,0.0,0.0,0.3333333134651184,0.0,0.0,0.0,0.3333333134651184,0.0,0.0,0.0,0.0,0.0
20,2014-03-14,[0.  0.  0.  0.  0.  0.5 0.  0.  0.5 0.  0.  0.  0. ],1.04851545766237,1.0391433208576197,0.0,0.0,0.0,0.0,0.5,0.0,0.0,0.5,0.0,0.0,0.0,0.0,0.0
21,2014-03-17,"[0.         0.         0.         0.14285715 0.14285715 0.14285715
 0.         0.14285715 0.14285715 0.14285715 0.         0.14285715
 0.        ]",1.023756278195937,1.0217262013233337,0.0,0.0,0.1428571492433548,0.1428571492433548,0.1428571492433548,0.0,0.1428571492433548,0.1428571492433548,0.1428571492433548,0.0,0.1428571492433548,0.0,0.0
22,2014-03-18,"[0.         0.16666666 0.16666666 0.         0.16666666 0.
 0.         0.16666666 0.         0.         0.16666666 0.16666666
 0.        ]",1.0359012077882963,1.03060580333323,0.1666666567325592,0.1666666567325592,0.0,0.1666666567325592,0.0,0.0,0.1666666567325592,0.0,0.0,0.1666666567325592,0.1666666567325592,0.0,0.0
23,2014-03-19,"[0.    0.    0.125 0.125 0.125 0.125 0.    0.125 0.    0.125 0.    0.125
 0.125]",1.0418864268075507,1.0354636132865376,0.0,0.125,0.125,0.125,0.125,0.0,0.125,0.0,0.125,0.0,0.125,0.125,0.0
24,2014-03-20,"[0.         0.         0.         0.16666666 0.16666666 0.
 0.         0.16666666 0.16666666 0.16666666 0.16666666 0.
 0.        ]",1.0507932411489307,1.0432596584800997,0.0,0.0,0.1666666567325592,0.1666666567325592,0.0,0.0,0.1666666567325592,0.1666666567325592,0.1666666567325592,0.1666666567325592,0.0,0.0,0.0
25,2014-03-21,[0.  0.1 0.1 0.1 0.1 0.1 0.1 0.  0.1 0.1 0.1 0.1 0. ],1.0480643909801948,1.042387694082563,0.10000000149011612,0.10000000149011612,0.10000000149011612,0.10000000149011612,0.10000000149011612,0.10000000149011612,0.0,0.10000000149011612,0.10000000149011612,0.10000000149011612,0.10000000149011612,0.0,0.0
26,2014-03-24,"[0.         0.16666666 0.         0.         0.16666666 0.
 0.         0.16666666 0.16666666 0.         0.16666666 0.
 0.16666666]",1.0726690786793456,1.0612901780936181,0.1666666567325592,0.0,0.0,0.1666666567325592,0.0,0.0,0.1666666567325592,0.1666666567325592,0.0,0.1666666567325592,0.0,0.1666666567325592,0.0
27,2014-03-25,"[0.         0.16666666 0.         0.         0.16666666 0.16666666
 0.16666666 0.         0.16666666 0.16666666 0.         0.
 0.        ]",1.0554303624497385,1.0499703916504681,0.1666666567325592,0.0,0.0,0.1666666567325592,0.1666666567325592,0.1666666567325592,0.0,0.1666666567325592,0.1666666567325592,0.0,0.0,0.0,0.0
28,2014-03-26,"[0.         0.14285715 0.14285715 0.         0.14285715 0.14285715
 0.         0.14285715 0.         0.14285715 0.         0.
 0.14285715]",1.0541266518138128,1.050115833310572,0.1428571492433548,0.1428571492433548,0.0,0.1428571492433548,0.1428571492433548,0.0,0.1428571492433548,0.0,0.1428571492433548,0.0,0.0,0.1428571492433548,0.0
29,2014-03-27,"[0.         0.         0.         0.16666666 0.16666666 0.16666666
 0.16666666 0.         0.         0.         0.16666666 0.
 0.16666666]",1.0594791747898478,1.0565708352012857,0.0,0.0,0.1666666567325592,0.1666666567325592,0.1666666567325592,0.1666666567325592,0.0,0.0,0.0,0.1666666567325592,0.0,0.1666666567325592,0.0
30,2014-03-28,"[0.         0.14285715 0.14285715 0.14285715 0.         0.
 0.14285715 0.14285715 0.14285715 0.         0.         0.
 0.14285715]",1.0472813641289462,1.0424550759071396,0.1428571492433548,0.1428571492433548,0.1428571492433548,0.0,0.0,0.1428571492433548,0.1428571492433548,0.1428571492433548,0.0,0.0,0.0,0.1428571492433548,0.0
31,2014-03-31,"[0.         0.16666666 0.         0.         0.16666666 0.
 0.16666666 0.16666666 0.         0.16666666 0.16666666 0.
 0.        ]",1.0480010530700445,1.0379992126449582,0.1666666567325592,0.0,0.0,0.1666666567325592,0.0,0.1666666567325592,0.1666666567325592,0.0,0.1666666567325592,0.1666666567325592,0.0,0.0,0.0
32,2014-04-01,"[0.    0.125 0.125 0.125 0.125 0.    0.    0.125 0.125 0.    0.125 0.125
 0.   ]",1.0526102915293245,1.0385435815415751,0.125,0.125,0.125,0.125,0.0,0.0,0.125,0.125,0.0,0.125,0.125,0.0,0.0
33,2014-04-02,[0.   0.   0.   0.   0.   0.   0.25 0.25 0.   0.   0.25 0.25 0.  ],1.061266920566179,1.0462391688741877,0.0,0.0,0.0,0.0,0.0,0.25,0.25,0.0,0.0,0.25,0.25,0.0,0.0
34,2014-04-03,[0.  0.1 0.  0.1 0.1 0.1 0.1 0.1 0.  0.1 0.1 0.1 0.1],1.0599586857617969,1.049095882449433,0.10000000149011612,0.0,0.10000000149011612,0.10000000149011612,0.10000000149011612,0.10000000149011612,0.10000000149011612,0.0,0.10000000149011612,0.10000000149011612,0.10000000149011612,0.10000000149011612,0.0
35,2014-04-04,[0.  0.  0.  0.  0.  0.2 0.2 0.2 0.  0.  0.2 0.2 0. ],1.0621710408302407,1.0511357953488196,0.0,0.0,0.0,0.0,0.20000000298023224,0.20000000298023224,0.20000000298023224,0.0,0.0,0.20000000298023224,0.20000000298023224,0.0,0.0
36,2014-04-07,"[0.         0.         0.16666666 0.         0.16666666 0.16666666
 0.         0.16666666 0.16666666 0.         0.         0.
 0.16666666]",1.0647278449708255,1.0533953837360388,0.0,0.1666666567325592,0.0,0.1666666567325592,0.1666666567325592,0.0,0.1666666567325592,0.1666666567325592,0.0,0.0,0.0,0.1666666567325592,0.0
37,2014-04-08,"[0.    0.125 0.125 0.125 0.    0.125 0.    0.125 0.125 0.    0.    0.125
 0.125]",1.036363393605709,1.0284713872942832,0.125,0.125,0.125,0.0,0.125,0.0,0.125,0.125,0.0,0.0,0.125,0.125,0.0
38,2014-04-09,"[0.         0.16666666 0.16666666 0.16666666 0.         0.
 0.16666666 0.         0.16666666 0.         0.         0.16666666
 0.        ]",1.0326031030711549,1.0259846827357557,0.1666666567325592,0.1666666567325592,0.1666666567325592,0.0,0.0,0.1666666567325592,0.0,0.1666666567325592,0.0,0.0,0.1666666567325592,0.0,0.0
39,2014-04-10,"[0.         0.         0.16666666 0.16666666 0.         0.16666666
 0.16666666 0.         0.16666666 0.         0.16666666 0.
 0.        ]",1.0359567190292853,1.028990172981473,0.0,0.1666666567325592,0.1666666567325592,0.0,0.1666666567325592,0.1666666567325592,0.0,0.1666666567325592,0.0,0.1666666567325592,0.0,0.0,0.0
40,2014-04-11,"[0.         0.         0.16666666 0.         0.16666666 0.
 0.16666666 0.         0.         0.16666666 0.         0.16666666
 0.16666666]",1.040773671750695,1.0353791205877774,0.0,0.1666666567325592,0.0,0.1666666567325592,0.0,0.1666666567325592,0.0,0.0,0.1666666567325592,0.0,0.1666666567325592,0.1666666567325592,0.0
41,2014-04-14,[0.  0.2 0.  0.  0.2 0.  0.  0.  0.2 0.  0.  0.2 0.2],0.9934988648439216,0.999108978296519,0.20000000298023224,0.0,0.0,0.20000000298023224,0.0,0.0,0.0,0.20000000298023224,0.0,0.0,0.20000000298023224,0.20000000298023224,0.0
42,2014-04-15,[0.  0.2 0.  0.2 0.2 0.2 0.  0.  0.2 0.  0.  0.  0. ],1.0038176429691044,1.0055068113059675,0.20000000298023224,0.0,0.20000000298023224,0.20000000298023224,0.20000000298023224,0.0,0.0,0.20000000298023224,0.0,0.0,0.0,0.0,0.0
43,2014-04-16,[0.  0.  0.2 0.  0.  0.  0.2 0.  0.2 0.  0.2 0.2 0. ],0.9998423025226084,1.004463219359288,0.0,0.20000000298023224,0.0,0.0,0.0,0.20000000298023224,0.0,0.20000000298023224,0.0,0.20000000298023224,0.20000000298023224,0.0,0.0
44,2014-04-17,[0.  0.  0.2 0.  0.  0.2 0.  0.  0.2 0.2 0.2 0.  0. ],1.0034544354835162,1.0127301049544648,0.0,0.20000000298023224,0.0,0.0,0.20000000298023224,0.0,0.0,0.20000000298023224,0.20000000298023224,0.20000000298023224,0.0,0.0,0.0
45,2014-04-21,"[0.         0.         0.         0.16666666 0.         0.16666666
 0.16666666 0.         0.16666666 0.         0.16666666 0.
 0.16666666]",1.003406238350801,1.0082090720536474,0.0,0.0,0.1666666567325592,0.0,0.1666666567325592,0.1666666567325592,0.0,0.1666666567325592,0.0,0.1666666567325592,0.0,0.1666666567325592,0.0
46,2014-04-22,"[0.        0.1111111 0.        0.        0.1111111 0.1111111 0.1111111
 0.        0.1111111 0.1111111 0.1111111 0.1111111 0.1111111]",1.013617227487665,1.016001362000591,0.1111111044883728,0.0,0.0,0.1111111044883728,0.1111111044883728,0.1111111044883728,0.0,0.1111111044883728,0.1111111044883728,0.1111111044883728,0.1111111044883728,0.1111111044883728,0.0
47,2014-04-23,[0.  0.  0.  0.  0.2 0.  0.2 0.  0.  0.  0.2 0.2 0.2],1.015348898807154,1.0155149545105027,0.0,0.0,0.0,0.20000000298023224,0.0,0.20000000298023224,0.0,0.0,0.0,0.20000000298023224,0.20000000298023224,0.20000000298023224,0.0
48,2014-04-24,"[0.         0.         0.16666666 0.         0.16666666 0.
 0.16666666 0.16666666 0.16666666 0.         0.         0.
 0.16666666]",1.0221119964638998,1.0215135050776174,0.0,0.1666666567325592,0.0,0.1666666567325592,0.0,0.1666666567325592,0.1666666567325592,0.1666666567325592,0.0,0.0,0.0,0.1666666567325592,0.0
49,2014-04-25,"[0.         0.         0.16666666 0.         0.16666666 0.
 0.         0.16666666 0.         0.16666666 0.16666666 0.16666666
 0.        ]",1.0228184393678688,1.0162748448934658,0.0,0.1666666567325592,0.0,0.1666666567325592,0.0,0.0,0.1666666567325592,0.0,0.1666666567325592,0.1666666567325592,0.1666666567325592,0.0,0.0
50,2014-04-28,[0.  0.  0.  0.2 0.  0.  0.  0.2 0.2 0.2 0.  0.2 0. ],1.0029995665923968,1.0039572031838002,0.0,0.0,0.20000000298023224,0.0,0.0,0.0,0.20000000298023224,0.20000000298023224,0.20000000298023224,0.0,0.20000000298023224,0.0,0.0
51,2014-04-29,[0.  0.  0.2 0.2 0.  0.2 0.  0.2 0.  0.  0.2 0.  0. ],0.9951050320176461,0.9979352090598242,0.0,0.20000000298023224,0.20000000298023224,0.0,0.20000000298023224,0.0,0.20000000298023224,0.0,0.0,0.20000000298023224,0.0,0.0,0.0
52,2014-04-30,"[0.    0.    0.125 0.125 0.125 0.125 0.    0.    0.125 0.125 0.    0.125
 0.125]",0.9919263684339846,0.9939540202793832,0.0,0.125,0.125,0.125,0.125,0.0,0.0,0.125,0.125,0.0,0.125,0.125,0.0
53,2014-05-01,"[0.         0.         0.14285715 0.         0.         0.14285715
 0.14285715 0.14285715 0.14285715 0.14285715 0.         0.14285715
 0.        ]",0.9878664169421472,0.9916664412648422,0.0,0.1428571492433548,0.0,0.0,0.1428571492433548,0.1428571492433548,0.1428571492433548,0.1428571492433548,0.1428571492433548,0.0,0.1428571492433548,0.0,0.0
54,2014-05-02,[0.  0.  0.  0.  0.  0.  0.2 0.  0.2 0.2 0.2 0.  0.2],0.9889598075417869,0.9938952097583375,0.0,0.0,0.0,0.0,0.0,0.20000000298023224,0.0,0.20000000298023224,0.20000000298023224,0.20000000298023224,0.0,0.20000000298023224,0.0
55,2014-05-05,"[0.        0.1111111 0.        0.1111111 0.1111111 0.1111111 0.1111111
 0.1111111 0.        0.        0.1111111 0.1111111 0.1111111]",0.9831916882982632,0.99320078705157,0.1111111044883728,0.0,0.1111111044883728,0.1111111044883728,0.1111111044883728,0.1111111044883728,0.1111111044883728,0.0,0.0,0.1111111044883728,0.1111111044883728,0.1111111044883728,0.0
56,2014-05-06,"[0.         0.14285715 0.         0.         0.14285715 0.
 0.14285715 0.         0.14285715 0.         0.14285715 0.14285715
 0.14285715]",0.971940974340179,0.9815187968389689,0.1428571492433548,0.0,0.0,0.1428571492433548,0.0,0.1428571492433548,0.0,0.1428571492433548,0.0,0.1428571492433548,0.1428571492433548,0.1428571492433548,0.0
57,2014-05-07,"[0.         0.         0.14285715 0.14285715 0.         0.14285715
 0.         0.         0.14285715 0.14285715 0.         0.14285715
 0.14285715]",0.9707470574241319,0.9811170618006402,0.0,0.1428571492433548,0.1428571492433548,0.0,0.1428571492433548,0.0,0.0,0.1428571492433548,0.1428571492433548,0.0,0.1428571492433548,0.1428571492433548,0.0
58,2014-05-08,[0.  0.2 0.  0.  0.  0.  0.  0.2 0.2 0.  0.  0.2 0.2],0.9672175369289274,0.9757460962671772,0.20000000298023224,0.0,0.0,0.0,0.0,0.0,0.20000000298023224,0.20000000298023224,0.0,0.0,0.20000000298023224,0.20000000298023224,0.0
59,2014-05-09,"[0.    0.125 0.125 0.    0.125 0.125 0.    0.125 0.125 0.125 0.    0.
 0.125]",0.9635084892225008,0.9777811704230286,0.125,0.125,0.0,0.125,0.125,0.0,0.125,0.125,0.125,0.0,0.0,0.125,0.0
60,2014-05-12,"[0.         0.16666666 0.         0.16666666 0.         0.16666666
 0.16666666 0.         0.         0.16666666 0.16666666 0.
 0.        ]",0.9639886288382208,0.9734259809961162,0.1666666567325592,0.0,0.1666666567325592,0.0,0.1666666567325592,0.1666666567325592,0.0,0.0,0.1666666567325592,0.1666666567325592,0.0,0.0,0.0
61,2014-05-13,"[0.         0.         0.         0.         0.14285715 0.14285715
 0.14285715 0.14285715 0.14285715 0.14285715 0.14285715 0.
 0.        ]",0.9722693210137588,0.9819693392877754,0.0,0.0,0.0,0.1428571492433548,0.1428571492433548,0.1428571492433548,0.1428571492433548,0.1428571492433548,0.1428571492433548,0.1428571492433548,0.0,0.0,0.0
62,2014-05-14,"[0.         0.16666666 0.         0.         0.         0.
 0.         0.         0.16666666 0.16666666 0.16666666 0.16666666
 0.16666666]",0.9792907182682051,0.9919753194287205,0.1666666567325592,0.0,0.0,0.0,0.0,0.0,0.0,0.1666666567325592,0.1666666567325592,0.1666666567325592,0.1666666567325592,0.1666666567325592,0.0
63,2014-05-15,"[0.         0.         0.         0.14285715 0.14285715 0.
 0.14285715 0.         0.14285715 0.14285715 0.         0.14285715
 0.14285715]",0.9704286495977856,0.984606969022294,0.0,0.0,0.1428571492433548,0.1428571492433548,0.0,0.1428571492433548,0.0,0.1428571492433548,0.1428571492433548,0.0,0.1428571492433548,0.1428571492433548,0.0
64,2014-05-16,"[0.    0.125 0.125 0.    0.125 0.125 0.125 0.125 0.125 0.    0.    0.125
 0.   ]",0.9428336564926662,0.9659405528413242,0.125,0.125,0.0,0.125,0.125,0.125,0.125,0.125,0.0,0.0,0.125,0.0,0.0
65,2014-05-19,"[0.         0.14285715 0.14285715 0.         0.14285715 0.14285715
 0.         0.         0.14285715 0.         0.         0.14285715
 0.14285715]",0.9438288638114045,0.9644250220030405,0.1428571492433548,0.1428571492433548,0.0,0.1428571492433548,0.1428571492433548,0.0,0.0,0.1428571492433548,0.0,0.0,0.1428571492433548,0.1428571492433548,0.0
66,2014-05-20,"[0.         0.         0.16666666 0.         0.         0.16666666
 0.16666666 0.16666666 0.16666666 0.16666666 0.         0.
 0.        ]",0.9489664298460532,0.9668472284594877,0.0,0.1666666567325592,0.0,0.0,0.1666666567325592,0.1666666567325592,0.1666666567325592,0.1666666567325592,0.1666666567325592,0.0,0.0,0.0,0.0
67,2014-05-21,[0.  0.2 0.  0.2 0.2 0.  0.  0.2 0.  0.  0.  0.2 0. ],0.9557463925148583,0.9775021351670818,0.20000000298023224,0.0,0.20000000298023224,0.20000000298023224,0.0,0.0,0.20000000298023224,0.0,0.0,0.0,0.20000000298023224,0.0,0.0
68,2014-05-22,[0.   0.   0.   0.   0.25 0.   0.   0.25 0.   0.25 0.25 0.   0.  ],0.9527961442114389,0.9757585039253998,0.0,0.0,0.0,0.25,0.0,0.0,0.25,0.0,0.25,0.25,0.0,0.0,0.0
69,2014-05-23,"[0.         0.16666666 0.         0.16666666 0.16666666 0.
 0.         0.16666666 0.16666666 0.         0.         0.
 0.16666666]",0.9543786903771347,0.9756101287310388,0.1666666567325592,0.0,0.1666666567325592,0.1666666567325592,0.0,0.0,0.1666666567325592,0.1666666567325592,0.0,0.0,0.0,0.1666666567325592,0.0
70,2014-05-27,"[0.         0.14285715 0.14285715 0.14285715 0.14285715 0.
 0.         0.         0.14285715 0.         0.14285715 0.14285715
 0.        ]",0.9612266676039624,0.9817202874503799,0.1428571492433548,0.1428571492433548,0.1428571492433548,0.1428571492433548,0.0,0.0,0.0,0.1428571492433548,0.0,0.1428571492433548,0.1428571492433548,0.0,0.0
71,2014-05-28,"[0.         0.         0.         0.14285715 0.14285715 0.
 0.         0.         0.14285715 0.14285715 0.14285715 0.14285715
 0.14285715]",0.973188373473227,0.9902372503353927,0.0,0.0,0.1428571492433548,0.1428571492433548,0.0,0.0,0.0,0.1428571492433548,0.1428571492433548,0.1428571492433548,0.1428571492433548,0.1428571492433548,0.0
72,2014-05-29,"[0.        0.1111111 0.1111111 0.        0.1111111 0.1111111 0.
 0.1111111 0.1111111 0.1111111 0.1111111 0.        0.1111111]",0.9856656901560127,0.9967423916821001,0.1111111044883728,0.1111111044883728,0.0,0.1111111044883728,0.1111111044883728,0.0,0.1111111044883728,0.1111111044883728,0.1111111044883728,0.1111111044883728,0.0,0.1111111044883728,0.0
73,2014-05-30,[0.  0.2 0.2 0.  0.  0.2 0.  0.  0.2 0.  0.  0.2 0. ],0.9881483484646741,0.9966892558169564,0.20000000298023224,0.20000000298023224,0.0,0.0,0.20000000298023224,0.0,0.0,0.20000000298023224,0.0,0.0,0.20000000298023224,0.0,0.0
74,2014-06-02,[0.  0.5 0.  0.  0.  0.  0.  0.  0.  0.5 0.  0.  0. ],0.9863911038640617,0.9959081446411836,0.5,0.0,0.0,0.0,0.0,0.0,0.0,0.0,0.5,0.0,0.0,0.0,0.0
75,2014-06-03,[0.  0.2 0.  0.  0.2 0.2 0.  0.2 0.  0.  0.  0.  0.2],0.9974497366557218,0.9967688268642994,0.20000000298023224,0.0,0.0,0.20000000298023224,0.20000000298023224,0.0,0.20000000298023224,0.0,0.0,0.0,0.0,0.20000000298023224,0.0
76,2014-06-04,"[0.        0.1111111 0.        0.1111111 0.1111111 0.1111111 0.1111111
 0.1111111 0.        0.1111111 0.        0.1111111 0.1111111]",0.9996950887862516,0.9906355672976722,0.1111111044883728,0.0,0.1111111044883728,0.1111111044883728,0.1111111044883728,0.1111111044883728,0.1111111044883728,0.0,0.1111111044883728,0.0,0.1111111044883728,0.1111111044883728,0.0
77,2014-06-05,[0.  0.  0.2 0.  0.2 0.2 0.  0.2 0.  0.  0.  0.  0.2],1.001202929457846,0.9909750986249056,0.0,0.20000000298023224,0.0,0.20000000298023224,0.20000000298023224,0.0,0.20000000298023224,0.0,0.0,0.0,0.0,0.20000000298023224,0.0
78,2014-06-06,[0.   0.   0.   0.   0.25 0.   0.25 0.   0.   0.25 0.   0.25 0.  ],1.0066909991481796,0.9943416773221696,0.0,0.0,0.0,0.25,0.0,0.25,0.0,0.0,0.25,0.0,0.25,0.0,0.0
79,2014-06-09,[0.  0.2 0.  0.  0.2 0.  0.  0.2 0.  0.2 0.2 0.  0. ],1.0374166918281413,1.011568997451271,0.20000000298023224,0.0,0.0,0.20000000298023224,0.0,0.0,0.20000000298023224,0.0,0.20000000298023224,0.20000000298023224,0.0,0.0,0.0
80,2014-06-10,"[0.        0.        0.        0.        0.3333333 0.3333333 0.
 0.        0.        0.        0.        0.        0.3333333]",1.0418964164801687,1.0134597257226148,0.0,0.0,0.0,0.3333333134651184,0.3333333134651184,0.0,0.0,0.0,0.0,0.0,0.0,0.3333333134651184,0.0
81,2014-06-11,"[0.         0.         0.16666666 0.         0.16666666 0.16666666
 0.         0.16666666 0.         0.16666666 0.         0.
 0.16666666]",1.049480922886268,1.0180692440311967,0.0,0.1666666567325592,0.0,0.1666666567325592,0.1666666567325592,0.0,0.1666666567325592,0.0,0.1666666567325592,0.0,0.0,0.1666666567325592,0.0
82,2014-06-12,"[0.    0.    0.125 0.125 0.    0.    0.125 0.125 0.125 0.125 0.    0.125
 0.125]",1.051366904788885,1.0148261093395343,0.0,0.125,0.125,0.0,0.0,0.125,0.125,0.125,0.125,0.0,0.125,0.125,0.0
83,2014-06-13,"[0.         0.         0.16666666 0.16666666 0.16666666 0.
 0.16666666 0.         0.         0.         0.16666666 0.16666666
 0.        ]",1.045439455159991,1.009535710440199,0.0,0.1666666567325592,0.1666666567325592,0.1666666567325592,0.0,0.1666666567325592,0.0,0.0,0.0,0.1666666567325592,0.1666666567325592,0.0,0.0
84,2014-06-16,"[0.         0.16666666 0.         0.         0.         0.
 0.16666666 0.16666666 0.16666666 0.16666666 0.         0.
 0.16666666]",1.0418441622417742,1.0128996766332725,0.1666666567325592,0.0,0.0,0.0,0.0,0.1666666567325592,0.1666666567325592,0.1666666567325592,0.1666666567325592,0.0,0.0,0.1666666567325592,0.0
85,2014-06-17,[0.   0.   0.   0.   0.   0.   0.   0.   0.25 0.25 0.25 0.   0.25],1.0384471552824615,1.0117034025695022,0.0,0.0,0.0,0.0,0.0,0.0,0.0,0.25,0.25,0.25,0.0,0.25,0.0
86,2014-06-18,"[0.        0.        0.3333333 0.        0.        0.        0.
 0.        0.3333333 0.3333333 0.        0.        0.       ]",1.0422579084800672,1.012844857925292,0.0,0.3333333134651184,0.0,0.0,0.0,0.0,0.0,0.3333333134651184,0.3333333134651184,0.0,0.0,0.0,0.0
87,2014-06-19,"[0.    0.125 0.125 0.125 0.125 0.125 0.    0.    0.125 0.    0.125 0.125
 0.   ]",1.0475970524385518,1.0202682010644737,0.125,0.125,0.125,0.125,0.125,0.0,0.0,0.125,0.0,0.125,0.125,0.0,0.0
88,2014-06-20,[0.   0.25 0.   0.   0.   0.25 0.25 0.   0.   0.   0.   0.25 0.  ],1.047743677523956,1.0220630181878916,0.25,0.0,0.0,0.0,0.25,0.25,0.0,0.0,0.0,0.0,0.25,0.0,0.0
89,2014-06-23,"[0.         0.         0.14285715 0.         0.14285715 0.
 0.14285715 0.         0.14285715 0.         0.14285715 0.14285715
 0.14285715]",1.0468209338035679,1.0226651567851015,0.0,0.1428571492433548,0.0,0.1428571492433548,0.0,0.1428571492433548,0.0,0.1428571492433548,0.0,0.1428571492433548,0.1428571492433548,0.1428571492433548,0.0
90,2014-06-24,[0.   0.   0.   0.   0.   0.25 0.   0.   0.   0.   0.25 0.25 0.25],1.051947996365867,1.023430810554955,0.0,0.0,0.0,0.0,0.25,0.0,0.0,0.0,0.0,0.25,0.25,0.25,0.0
91,2014-06-25,"[0.         0.         0.14285715 0.14285715 0.14285715 0.14285715
 0.14285715 0.14285715 0.         0.         0.         0.
 0.14285715]",1.0433064698875403,1.0195550334379941,0.0,0.1428571492433548,0.1428571492433548,0.1428571492433548,0.1428571492433548,0.1428571492433548,0.1428571492433548,0.0,0.0,0.0,0.0,0.1428571492433548,0.0
92,2014-06-26,"[0.    0.125 0.125 0.    0.    0.125 0.125 0.125 0.    0.125 0.125 0.
 0.125]",1.037019578941818,1.0164822740544601,0.125,0.125,0.0,0.0,0.125,0.125,0.125,0.0,0.125,0.125,0.0,0.125,0.0
93,2014-06-27,[0.  0.2 0.2 0.  0.2 0.2 0.  0.  0.  0.  0.  0.  0.2],1.0453623944842778,1.0216813610472975,0.20000000298023224,0.20000000298023224,0.0,0.20000000298023224,0.20000000298023224,0.0,0.0,0.0,0.0,0.0,0.0,0.20000000298023224,0.0
94,2014-06-30,"[0.        0.1111111 0.        0.1111111 0.1111111 0.        0.1111111
 0.1111111 0.        0.1111111 0.1111111 0.1111111 0.1111111]",1.0417773753011879,1.015882765353246,0.1111111044883728,0.0,0.1111111044883728,0.1111111044883728,0.0,0.1111111044883728,0.1111111044883728,0.0,0.1111111044883728,0.1111111044883728,0.1111111044883728,0.1111111044883728,0.0
95,2014-07-01,[0.  0.  0.  0.  0.  0.2 0.2 0.2 0.  0.  0.  0.2 0.2],1.0535676260930853,1.0236779826195845,0.0,0.0,0.0,0.0,0.20000000298023224,0.20000000298023224,0.20000000298023224,0.0,0.0,0.0,0.20000000298023224,0.20000000298023224,0.0
96,2014-07-02,"[0.         0.         0.16666666 0.         0.         0.
 0.16666666 0.         0.         0.16666666 0.16666666 0.16666666
 0.16666666]",1.051855419114388,1.0233997537019055,0.0,0.1666666567325592,0.0,0.0,0.0,0.1666666567325592,0.0,0.0,0.1666666567325592,0.1666666567325592,0.1666666567325592,0.1666666567325592,0.0
97,2014-07-03,[0.   0.   0.   0.25 0.   0.   0.   0.25 0.   0.   0.25 0.   0.25],1.0592876673411624,1.0289243780737098,0.0,0.0,0.25,0.0,0.0,0.0,0.25,0.0,0.0,0.25,0.0,0.25,0.0
98,2014-07-07,"[0.         0.         0.         0.16666666 0.16666666 0.16666666
 0.         0.         0.16666666 0.16666666 0.         0.16666666
 0.        ]",1.070825814058284,1.0341902146195665,0.0,0.0,0.1666666567325592,0.1666666567325592,0.1666666567325592,0.0,0.0,0.1666666567325592,0.1666666567325592,0.0,0.1666666567325592,0.0,0.0
99,2014-07-08,"[0.        0.3333333 0.        0.        0.        0.        0.
 0.        0.3333333 0.        0.3333333 0.        0.       ]",1.0672889901628988,1.0320772509348444,0.3333333134651184,0.0,0.0,0.0,0.0,0.0,0.0,0.3333333134651184,0.0,0.3333333134651184,0.0,0.0,0.0
100,2014-07-09,"[0.    0.125 0.125 0.125 0.125 0.125 0.    0.    0.    0.125 0.    0.125
 0.125]",1.0552237033981955,1.0246317356010666,0.125,0.125,0.125,0.125,0.125,0.0,0.0,0.0,0.125,0.0,0.125,0.125,0.0
101,2014-07-10,"[0.         0.16666666 0.16666666 0.         0.         0.16666666
 0.         0.         0.         0.         0.16666666 0.16666666
 0.16666666]",1.0441848041113342,1.0178385555216907,0.1666666567325592,0.1666666567325592,0.0,0.0,0.1666666567325592,0.0,0.0,0.0,0.0,0.1666666567325592,0.1666666567325592,0.1666666567325592,0.0
102,2014-07-11,[0.  0.2 0.  0.  0.2 0.2 0.2 0.2 0.  0.  0.  0.  0. ],1.0287822802977766,1.0051763571415195,0.20000000298023224,0.0,0.0,0.20000000298023224,0.20000000298023224,0.20000000298023224,0.20000000298023224,0.0,0.0,0.0,0.0,0.0,0.0
103,2014-07-14,"[0.        0.        0.        0.        0.        0.        0.3333333
 0.        0.3333333 0.        0.        0.3333333 0.       ]",1.0325799668019915,1.012958564547392,0.0,0.0,0.0,0.0,0.0,0.3333333134651184,0.0,0.3333333134651184,0.0,0.0,0.3333333134651184,0.0,0.0
104,2014-07-15,[0.  0.  0.  0.2 0.2 0.  0.2 0.  0.2 0.2 0.  0.  0. ],1.0358791512926568,1.0222411928446495,0.0,0.0,0.20000000298023224,0.20000000298023224,0.0,0.20000000298023224,0.0,0.20000000298023224,0.20000000298023224,0.0,0.0,0.0,0.0
105,2014-07-16,"[0.        0.        0.3333333 0.3333333 0.        0.        0.
 0.        0.        0.        0.3333333 0.        0.       ]",1.0312084639835617,1.0200565761810472,0.0,0.3333333134651184,0.3333333134651184,0.0,0.0,0.0,0.0,0.0,0.0,0.3333333134651184,0.0,0.0,0.0
106,2014-07-17,[0.  0.2 0.2 0.  0.  0.2 0.  0.  0.2 0.  0.  0.2 0. ],1.0400584926253567,1.027921738838279,0.20000000298023224,0.20000000298023224,0.0,0.0,0.20000000298023224,0.0,0.0,0.20000000298023224,0.0,0.0,0.20000000298023224,0.0,0.0
107,2014-07-18,[0.  0.2 0.  0.  0.2 0.  0.2 0.2 0.  0.  0.2 0.  0. ],1.0378684938029006,1.0226700088819753,0.20000000298023224,0.0,0.0,0.20000000298023224,0.0,0.20000000298023224,0.20000000298023224,0.0,0.0,0.20000000298023224,0.0,0.0,0.0
108,2014-07-21,"[0.         0.14285715 0.         0.14285715 0.14285715 0.14285715
 0.         0.14285715 0.         0.         0.         0.14285715
 0.14285715]",1.032373773951398,1.0170849732698097,0.1428571492433548,0.0,0.1428571492433548,0.1428571492433548,0.1428571492433548,0.0,0.1428571492433548,0.0,0.0,0.0,0.1428571492433548,0.1428571492433548,0.0
109,2014-07-22,[0.  0.2 0.  0.  0.  0.2 0.2 0.  0.  0.  0.  0.2 0.2],1.0398909648081442,1.0214511106519943,0.20000000298023224,0.0,0.0,0.0,0.20000000298023224,0.20000000298023224,0.0,0.0,0.0,0.0,0.20000000298023224,0.20000000298023224,0.0
110,2014-07-23,"[0.         0.         0.16666666 0.         0.16666666 0.
 0.16666666 0.         0.16666666 0.16666666 0.16666666 0.
 0.        ]",1.0501068225816927,1.030724594479114,0.0,0.1666666567325592,0.0,0.1666666567325592,0.0,0.1666666567325592,0.0,0.1666666567325592,0.1666666567325592,0.1666666567325592,0.0,0.0,0.0
111,2014-07-24,"[0.         0.         0.         0.         0.14285715 0.14285715
 0.         0.14285715 0.14285715 0.14285715 0.14285715 0.14285715
 0.        ]",1.027708201942992,1.0222105704338242,0.0,0.0,0.0,0.1428571492433548,0.1428571492433548,0.0,0.1428571492433548,0.1428571492433548,0.1428571492433548,0.1428571492433548,0.1428571492433548,0.0,0.0
112,2014-07-25,[0.  0.2 0.2 0.  0.2 0.  0.  0.2 0.  0.  0.  0.  0.2],1.023032353588412,1.0204601913400846,0.20000000298023224,0.20000000298023224,0.0,0.20000000298023224,0.0,0.0,0.20000000298023224,0.0,0.0,0.0,0.0,0.20000000298023224,0.0
113,2014-07-28,[0.   0.   0.25 0.   0.25 0.   0.   0.25 0.   0.   0.25 0.   0.  ],0.9915958055929331,1.0041740563419246,0.0,0.25,0.0,0.25,0.0,0.0,0.25,0.0,0.0,0.25,0.0,0.0,0.0
114,2014-07-29,"[0.        0.        0.1111111 0.1111111 0.1111111 0.1111111 0.1111111
 0.1111111 0.        0.        0.1111111 0.1111111 0.1111111]",0.9951088253076652,1.0181660170533389,0.0,0.1111111044883728,0.1111111044883728,0.1111111044883728,0.1111111044883728,0.1111111044883728,0.1111111044883728,0.0,0.0,0.1111111044883728,0.1111111044883728,0.1111111044883728,0.0
115,2014-07-30,"[0.    0.    0.125 0.    0.125 0.    0.125 0.125 0.125 0.125 0.    0.125
 0.125]",1.0055148300790637,1.0261733622248737,0.0,0.125,0.0,0.125,0.0,0.125,0.125,0.125,0.125,0.0,0.125,0.125,0.0
116,2014-07-31,[0.  0.2 0.  0.2 0.  0.  0.  0.2 0.  0.  0.2 0.  0.2],1.00329025419159,1.021767865784098,0.20000000298023224,0.0,0.20000000298023224,0.0,0.0,0.0,0.20000000298023224,0.0,0.0,0.20000000298023224,0.0,0.20000000298023224,0.0
117,2014-08-01,"[0.    0.125 0.125 0.125 0.    0.    0.    0.125 0.125 0.125 0.125 0.125
 0.   ]",1.0014864700939663,1.0134045818274733,0.125,0.125,0.125,0.0,0.0,0.0,0.125,0.125,0.125,0.125,0.125,0.0,0.0
118,2014-08-04,"[0.         0.14285715 0.         0.         0.         0.14285715
 0.14285715 0.14285715 0.         0.         0.14285715 0.14285715
 0.14285715]",0.9957790566712319,1.0065071765079907,0.1428571492433548,0.0,0.0,0.0,0.1428571492433548,0.1428571492433548,0.1428571492433548,0.0,0.0,0.1428571492433548,0.1428571492433548,0.1428571492433548,0.0
119,2014-08-05,"[0.        0.3333333 0.        0.3333333 0.        0.        0.3333333
 0.        0.        0.        0.        0.        0.       ]",0.9967628357982087,1.0045206592627904,0.3333333134651184,0.0,0.3333333134651184,0.0,0.0,0.3333333134651184,0.0,0.0,0.0,0.0,0.0,0.0,0.0
120,2014-08-06,"[0.         0.16666666 0.16666666 0.16666666 0.         0.16666666
 0.         0.16666666 0.         0.16666666 0.         0.
 0.        ]",0.9922912839910459,0.9982507735597097,0.1666666567325592,0.1666666567325592,0.1666666567325592,0.0,0.1666666567325592,0.0,0.1666666567325592,0.0,0.1666666567325592,0.0,0.0,0.0,0.0
121,2014-08-07,"[0.        0.1111111 0.1111111 0.1111111 0.1111111 0.        0.
 0.1111111 0.1111111 0.1111111 0.        0.1111111 0.1111111]",0.9793926264209679,0.9942115865340309,0.1111111044883728,0.1111111044883728,0.1111111044883728,0.1111111044883728,0.0,0.0,0.1111111044883728,0.1111111044883728,0.1111111044883728,0.0,0.1111111044883728,0.1111111044883728,0.0
122,2014-08-08,"[0.         0.16666666 0.16666666 0.16666666 0.         0.16666666
 0.         0.         0.16666666 0.         0.         0.
 0.16666666]",0.9962117631622615,1.0084234402824368,0.1666666567325592,0.1666666567325592,0.1666666567325592,0.0,0.1666666567325592,0.0,0.0,0.1666666567325592,0.0,0.0,0.0,0.1666666567325592,0.0
123,2014-08-11,"[0.         0.16666666 0.         0.16666666 0.16666666 0.
 0.16666666 0.         0.16666666 0.16666666 0.         0.
 0.        ]",0.9856450934819632,1.0029048645890075,0.1666666567325592,0.0,0.1666666567325592,0.1666666567325592,0.0,0.1666666567325592,0.0,0.1666666567325592,0.1666666567325592,0.0,0.0,0.0,0.0
124,2014-08-12,"[0.         0.         0.16666666 0.16666666 0.         0.16666666
 0.16666666 0.         0.16666666 0.         0.16666666 0.
 0.        ]",0.9957479783533649,1.015029447736806,0.0,0.1666666567325592,0.1666666567325592,0.0,0.1666666567325592,0.1666666567325592,0.0,0.1666666567325592,0.0,0.1666666567325592,0.0,0.0,0.0
125,2014-08-13,"[0.         0.14285715 0.14285715 0.         0.14285715 0.
 0.         0.14285715 0.14285715 0.14285715 0.         0.
 0.14285715]",0.9899237404210656,1.0085591586733946,0.1428571492433548,0.1428571492433548,0.0,0.1428571492433548,0.0,0.0,0.1428571492433548,0.1428571492433548,0.1428571492433548,0.0,0.0,0.1428571492433548,0.0
126,2014-08-14,[0.  0.2 0.  0.  0.2 0.  0.  0.  0.  0.  0.2 0.2 0.2],0.9950370964384725,1.0109767862558816,0.20000000298023224,0.0,0.0,0.20000000298023224,0.0,0.0,0.0,0.0,0.0,0.20000000298023224,0.20000000298023224,0.20000000298023224,0.0
127,2014-08-15,"[0.    0.125 0.125 0.125 0.125 0.125 0.125 0.    0.    0.    0.125 0.125
 0.   ]",0.9935135690534664,1.0137026738650234,0.125,0.125,0.125,0.125,0.125,0.125,0.0,0.0,0.0,0.125,0.125,0.0,0.0
128,2014-08-18,"[0.        0.1111111 0.1111111 0.1111111 0.1111111 0.1111111 0.1111111
 0.        0.        0.1111111 0.1111111 0.1111111 0.       ]",1.0088348763191533,1.0259761779653187,0.1111111044883728,0.1111111044883728,0.1111111044883728,0.1111111044883728,0.1111111044883728,0.1111111044883728,0.0,0.0,0.1111111044883728,0.1111111044883728,0.1111111044883728,0.0,0.0
129,2014-08-19,"[0.         0.16666666 0.16666666 0.16666666 0.         0.16666666
 0.         0.16666666 0.         0.         0.16666666 0.
 0.        ]",1.0025908618469805,1.020739840698542,0.1666666567325592,0.1666666567325592,0.1666666567325592,0.0,0.1666666567325592,0.0,0.1666666567325592,0.0,0.0,0.1666666567325592,0.0,0.0,0.0
130,2014-08-20,[0.  0.  0.  0.  0.  0.  0.2 0.2 0.  0.2 0.2 0.  0.2],1.0074447659686456,1.0268972735038424,0.0,0.0,0.0,0.0,0.0,0.20000000298023224,0.20000000298023224,0.0,0.20000000298023224,0.20000000298023224,0.0,0.20000000298023224,0.0
131,2014-08-21,[0.   0.25 0.25 0.   0.   0.   0.   0.   0.25 0.25 0.   0.   0.  ],1.007216185608067,1.0261849083817753,0.25,0.25,0.0,0.0,0.0,0.0,0.0,0.25,0.25,0.0,0.0,0.0,0.0
132,2014-08-22,"[0.         0.16666666 0.16666666 0.         0.16666666 0.
 0.16666666 0.         0.         0.16666666 0.16666666 0.
 0.        ]",1.011082147344007,1.0256581330170245,0.1666666567325592,0.1666666567325592,0.0,0.1666666567325592,0.0,0.1666666567325592,0.0,0.0,0.1666666567325592,0.1666666567325592,0.0,0.0,0.0
133,2014-08-25,"[0.         0.16666666 0.         0.16666666 0.16666666 0.
 0.         0.         0.16666666 0.         0.16666666 0.
 0.16666666]",1.0241772211563382,1.0343796392770823,0.1666666567325592,0.0,0.1666666567325592,0.1666666567325592,0.0,0.0,0.0,0.1666666567325592,0.0,0.1666666567325592,0.0,0.1666666567325592,0.0
134,2014-08-26,[0.   0.25 0.   0.   0.   0.   0.   0.25 0.   0.   0.25 0.25 0.  ],1.0276096565334831,1.0377052646394227,0.25,0.0,0.0,0.0,0.0,0.0,0.25,0.0,0.0,0.25,0.25,0.0,0.0
135,2014-08-27,"[0.         0.16666666 0.16666666 0.         0.16666666 0.
 0.         0.         0.16666666 0.         0.         0.16666666
 0.16666666]",1.0357346970262067,1.0403107709776354,0.1666666567325592,0.1666666567325592,0.0,0.1666666567325592,0.0,0.0,0.0,0.1666666567325592,0.0,0.0,0.1666666567325592,0.1666666567325592,0.0
136,2014-08-28,[0.  0.2 0.  0.  0.2 0.2 0.  0.  0.2 0.  0.  0.2 0. ],1.0512739643166449,1.0496737530808768,0.20000000298023224,0.0,0.0,0.20000000298023224,0.20000000298023224,0.0,0.0,0.20000000298023224,0.0,0.0,0.20000000298023224,0.0,0.0
137,2014-08-29,"[0.         0.14285715 0.         0.         0.14285715 0.
 0.         0.14285715 0.14285715 0.14285715 0.14285715 0.
 0.14285715]",1.0473406158133707,1.0434566246064114,0.1428571492433548,0.0,0.0,0.1428571492433548,0.0,0.0,0.1428571492433548,0.1428571492433548,0.1428571492433548,0.1428571492433548,0.0,0.1428571492433548,0.0
138,2014-09-02,"[0.         0.         0.16666666 0.16666666 0.16666666 0.16666666
 0.         0.16666666 0.         0.         0.16666666 0.
 0.        ]",1.0532059700659497,1.0439253870065146,0.0,0.1666666567325592,0.1666666567325592,0.1666666567325592,0.1666666567325592,0.0,0.1666666567325592,0.0,0.0,0.1666666567325592,0.0,0.0,0.0
139,2014-09-03,"[0.        0.3333333 0.3333333 0.        0.        0.        0.
 0.        0.        0.        0.        0.        0.3333333]",1.0585507398506382,1.0448800858979135,0.3333333134651184,0.3333333134651184,0.0,0.0,0.0,0.0,0.0,0.0,0.0,0.0,0.0,0.3333333134651184,0.0
140,2014-09-04,[0.  0.  0.2 0.2 0.2 0.2 0.  0.  0.  0.  0.  0.2 0. ],1.0646667970116468,1.0553162497576463,0.0,0.20000000298023224,0.20000000298023224,0.20000000298023224,0.20000000298023224,0.0,0.0,0.0,0.0,0.0,0.20000000298023224,0.0,0.0
141,2014-09-05,"[0.         0.         0.         0.16666666 0.16666666 0.
 0.16666666 0.16666666 0.         0.         0.16666666 0.
 0.16666666]",1.0522439486150545,1.0519748401041864,0.0,0.0,0.1666666567325592,0.1666666567325592,0.0,0.1666666567325592,0.1666666567325592,0.0,0.0,0.1666666567325592,0.0,0.1666666567325592,0.0
142,2014-09-08,"[0.         0.         0.16666666 0.         0.         0.
 0.16666666 0.16666666 0.         0.         0.16666666 0.16666666
 0.16666666]",1.051408860927596,1.052630436977567,0.0,0.1666666567325592,0.0,0.0,0.0,0.1666666567325592,0.1666666567325592,0.0,0.0,0.1666666567325592,0.1666666567325592,0.1666666567325592,0.0
143,2014-09-09,[0.  0.2 0.2 0.2 0.2 0.  0.  0.2 0.  0.  0.  0.  0. ],1.0511427111142526,1.0541079819129864,0.20000000298023224,0.20000000298023224,0.20000000298023224,0.20000000298023224,0.0,0.0,0.20000000298023224,0.0,0.0,0.0,0.0,0.0,0.0
144,2014-09-10,"[0.         0.16666666 0.         0.16666666 0.         0.16666666
 0.         0.16666666 0.16666666 0.         0.         0.16666666
 0.        ]",1.0491286083326965,1.0545593989732494,0.1666666567325592,0.0,0.1666666567325592,0.0,0.1666666567325592,0.0,0.1666666567325592,0.1666666567325592,0.0,0.0,0.1666666567325592,0.0,0.0
145,2014-09-11,[0.   0.   0.   0.25 0.   0.25 0.   0.   0.25 0.   0.25 0.   0.  ],1.0352287711191128,1.045035668454443,0.0,0.0,0.25,0.0,0.25,0.0,0.0,0.25,0.0,0.25,0.0,0.0,0.0
146,2014-09-12,[0.   0.   0.   0.25 0.25 0.   0.   0.   0.   0.25 0.   0.   0.25],1.0406010514302724,1.046310960934548,0.0,0.0,0.25,0.25,0.0,0.0,0.0,0.0,0.25,0.0,0.0,0.25,0.0
147,2014-09-15,"[0.        0.1111111 0.1111111 0.1111111 0.1111111 0.1111111 0.1111111
 0.1111111 0.1111111 0.        0.        0.        0.1111111]",1.0484921157871983,1.0514860856477752,0.1111111044883728,0.1111111044883728,0.1111111044883728,0.1111111044883728,0.1111111044883728,0.1111111044883728,0.1111111044883728,0.1111111044883728,0.0,0.0,0.0,0.1111111044883728,0.0
148,2014-09-16,"[0.         0.         0.16666666 0.16666666 0.16666666 0.
 0.         0.16666666 0.16666666 0.         0.         0.16666666
 0.        ]",1.0446672820072287,1.0445855607849404,0.0,0.1666666567325592,0.1666666567325592,0.1666666567325592,0.0,0.0,0.1666666567325592,0.1666666567325592,0.0,0.0,0.1666666567325592,0.0,0.0
149,2014-09-17,[0.  0.  0.  0.  0.  0.  0.5 0.  0.  0.  0.5 0.  0. ],1.0384889575505718,1.0410458099895117,0.0,0.0,0.0,0.0,0.0,0.5,0.0,0.0,0.0,0.5,0.0,0.0,0.0
150,2014-09-18,[0.  0.2 0.  0.  0.2 0.  0.  0.2 0.2 0.  0.2 0.  0. ],1.0594432664406173,1.0494326487704069,0.20000000298023224,0.0,0.0,0.20000000298023224,0.0,0.0,0.20000000298023224,0.20000000298023224,0.0,0.20000000298023224,0.0,0.0,0.0
151,2014-09-19,"[0.    0.125 0.125 0.125 0.    0.125 0.125 0.125 0.125 0.    0.    0.125
 0.   ]",1.06606287966813,1.055883087612641,0.125,0.125,0.125,0.0,0.125,0.125,0.125,0.125,0.0,0.0,0.125,0.0,0.0
152,2014-09-22,[0.   0.   0.   0.   0.   0.   0.   0.25 0.   0.   0.25 0.25 0.25],1.0813517540396134,1.0694199808916307,0.0,0.0,0.0,0.0,0.0,0.0,0.25,0.0,0.0,0.25,0.25,0.25,0.0
153,2014-09-23,"[0.         0.16666666 0.         0.         0.16666666 0.
 0.16666666 0.         0.16666666 0.         0.16666666 0.16666666
 0.        ]",1.0552338381856659,1.0550667836216772,0.1666666567325592,0.0,0.0,0.1666666567325592,0.0,0.1666666567325592,0.0,0.1666666567325592,0.0,0.1666666567325592,0.1666666567325592,0.0,0.0
154,2014-09-24,"[0.         0.16666666 0.16666666 0.         0.16666666 0.
 0.         0.         0.16666666 0.16666666 0.         0.
 0.16666666]",1.0404157629467148,1.042670846508226,0.1666666567325592,0.1666666567325592,0.0,0.1666666567325592,0.0,0.0,0.0,0.1666666567325592,0.1666666567325592,0.0,0.0,0.1666666567325592,0.0
155,2014-09-25,"[0.         0.16666666 0.16666666 0.         0.16666666 0.16666666
 0.         0.         0.16666666 0.16666666 0.         0.
 0.        ]",1.0394392063297788,1.0393688052499126,0.1666666567325592,0.1666666567325592,0.0,0.1666666567325592,0.1666666567325592,0.0,0.0,0.1666666567325592,0.1666666567325592,0.0,0.0,0.0,0.0
156,2014-09-26,[0.  0.2 0.  0.  0.  0.2 0.  0.2 0.  0.2 0.2 0.  0. ],1.045996590157129,1.0460022274178484,0.20000000298023224,0.0,0.0,0.0,0.20000000298023224,0.0,0.20000000298023224,0.0,0.20000000298023224,0.20000000298023224,0.0,0.0,0.0
157,2014-09-29,"[0.         0.14285715 0.         0.14285715 0.         0.14285715
 0.         0.         0.14285715 0.14285715 0.         0.14285715
 0.14285715]",1.030950131523642,1.0338244635964564,0.1428571492433548,0.0,0.1428571492433548,0.0,0.1428571492433548,0.0,0.0,0.1428571492433548,0.1428571492433548,0.0,0.1428571492433548,0.1428571492433548,0.0
158,2014-09-30,"[0.         0.16666666 0.         0.         0.16666666 0.
 0.         0.         0.16666666 0.16666666 0.16666666 0.16666666
 0.        ]",1.0227492036917056,1.0256205325712908,0.1666666567325592,0.0,0.0,0.1666666567325592,0.0,0.0,0.0,0.1666666567325592,0.1666666567325592,0.1666666567325592,0.1666666567325592,0.0,0.0
159,2014-10-01,"[0.         0.         0.16666666 0.         0.         0.
 0.16666666 0.16666666 0.         0.16666666 0.         0.16666666
 0.16666666]",1.0362581843600767,1.033632868052623,0.0,0.1666666567325592,0.0,0.0,0.0,0.1666666567325592,0.1666666567325592,0.0,0.1666666567325592,0.0,0.1666666567325592,0.1666666567325592,0.0
160,2014-10-02,"[0.         0.16666666 0.         0.         0.         0.16666666
 0.         0.16666666 0.16666666 0.16666666 0.         0.16666666
 0.        ]",1.0283881310017213,1.0248573819911562,0.1666666567325592,0.0,0.0,0.0,0.1666666567325592,0.0,0.1666666567325592,0.1666666567325592,0.1666666567325592,0.0,0.1666666567325592,0.0,0.0
161,2014-10-03,"[0.         0.16666666 0.         0.16666666 0.         0.16666666
 0.16666666 0.16666666 0.         0.16666666 0.         0.
 0.        ]",1.0134776324416759,1.0108329701515693,0.1666666567325592,0.0,0.1666666567325592,0.0,0.1666666567325592,0.1666666567325592,0.1666666567325592,0.0,0.1666666567325592,0.0,0.0,0.0,0.0
162,2014-10-06,"[0.         0.14285715 0.14285715 0.14285715 0.14285715 0.14285715
 0.         0.         0.14285715 0.         0.         0.
 0.14285715]",1.0202730615452758,1.0220055667788939,0.1428571492433548,0.1428571492433548,0.1428571492433548,0.1428571492433548,0.1428571492433548,0.0,0.0,0.1428571492433548,0.0,0.0,0.0,0.1428571492433548,0.0
163,2014-10-07,[0.  0.  0.  0.  0.  0.2 0.2 0.2 0.  0.  0.  0.2 0.2],1.026248090599244,1.0235479710499626,0.0,0.0,0.0,0.0,0.20000000298023224,0.20000000298023224,0.20000000298023224,0.0,0.0,0.0,0.20000000298023224,0.20000000298023224,0.0
164,2014-10-08,"[0.         0.         0.         0.16666666 0.16666666 0.16666666
 0.16666666 0.         0.16666666 0.         0.         0.16666666
 0.        ]",1.0123719900769326,1.0122608424182817,0.0,0.0,0.1666666567325592,0.1666666567325592,0.1666666567325592,0.1666666567325592,0.0,0.1666666567325592,0.0,0.0,0.1666666567325592,0.0,0.0
165,2014-10-09,"[0.    0.    0.125 0.125 0.    0.    0.    0.125 0.125 0.125 0.125 0.125
 0.125]",0.9955800448722975,0.9979741877173849,0.0,0.125,0.125,0.0,0.0,0.0,0.125,0.125,0.125,0.125,0.125,0.125,0.0
166,2014-10-10,[0.   0.25 0.25 0.   0.   0.   0.   0.25 0.   0.   0.25 0.   0.  ],1.0151752521945268,1.0174104651149545,0.25,0.25,0.0,0.0,0.0,0.0,0.25,0.0,0.0,0.25,0.0,0.0,0.0
167,2014-10-13,"[0.    0.    0.    0.125 0.125 0.125 0.125 0.    0.125 0.125 0.125 0.
 0.125]",0.9855367359686464,0.988551912295973,0.0,0.0,0.125,0.125,0.125,0.125,0.0,0.125,0.125,0.125,0.0,0.125,0.0
168,2014-10-14,[0.  0.2 0.  0.  0.  0.  0.2 0.2 0.2 0.  0.2 0.  0. ],0.9721553267681333,0.9752876142934576,0.20000000298023224,0.0,0.0,0.0,0.0,0.20000000298023224,0.20000000298023224,0.20000000298023224,0.0,0.20000000298023224,0.0,0.0,0.0
169,2014-10-15,"[0.         0.14285715 0.         0.         0.14285715 0.
 0.14285715 0.14285715 0.         0.         0.14285715 0.14285715
 0.14285715]",0.9682734069085668,0.9760909184238988,0.1428571492433548,0.0,0.0,0.1428571492433548,0.0,0.1428571492433548,0.1428571492433548,0.0,0.0,0.1428571492433548,0.1428571492433548,0.1428571492433548,0.0
170,2014-10-16,[0.  0.  0.  0.2 0.  0.2 0.2 0.  0.2 0.  0.  0.2 0. ],0.947202737337017,0.957997898746336,0.0,0.0,0.20000000298023224,0.0,0.20000000298023224,0.20000000298023224,0.0,0.20000000298023224,0.0,0.0,0.20000000298023224,0.0,0.0
171,2014-10-17,"[0.         0.         0.14285715 0.         0.         0.14285715
 0.         0.14285715 0.         0.14285715 0.14285715 0.14285715
 0.14285715]",0.9574953834117494,0.9542484570753361,0.0,0.1428571492433548,0.0,0.0,0.1428571492433548,0.0,0.1428571492433548,0.0,0.1428571492433548,0.1428571492433548,0.1428571492433548,0.1428571492433548,0.0
172,2014-10-20,"[0.         0.14285715 0.14285715 0.14285715 0.         0.14285715
 0.14285715 0.         0.         0.         0.14285715 0.
 0.14285715]",0.9927109975258771,0.9845996665190605,0.1428571492433548,0.1428571492433548,0.1428571492433548,0.0,0.1428571492433548,0.1428571492433548,0.0,0.0,0.0,0.1428571492433548,0.0,0.1428571492433548,0.0
173,2014-10-21,"[0.         0.14285715 0.         0.         0.14285715 0.
 0.14285715 0.14285715 0.14285715 0.         0.14285715 0.
 0.14285715]",0.9900931482111185,0.9783485123270907,0.1428571492433548,0.0,0.0,0.1428571492433548,0.0,0.1428571492433548,0.1428571492433548,0.1428571492433548,0.0,0.1428571492433548,0.0,0.1428571492433548,0.0
174,2014-10-22,[0.  0.5 0.  0.  0.  0.  0.  0.  0.  0.  0.  0.5 0. ],1.0089672985266942,0.9939826162008213,0.5,0.0,0.0,0.0,0.0,0.0,0.0,0.0,0.0,0.0,0.5,0.0,0.0
175,2014-10-23,[0.  0.  0.  0.2 0.  0.  0.  0.2 0.2 0.  0.2 0.2 0. ],1.0051070881018307,1.0084902498597144,0.0,0.0,0.20000000298023224,0.0,0.0,0.0,0.20000000298023224,0.20000000298023224,0.0,0.20000000298023224,0.20000000298023224,0.0,0.0
176,2014-10-24,"[0.         0.16666666 0.16666666 0.         0.         0.
 0.         0.16666666 0.         0.         0.16666666 0.16666666
 0.16666666]",0.9982828327527544,1.0060611022015677,0.1666666567325592,0.1666666567325592,0.0,0.0,0.0,0.0,0.1666666567325592,0.0,0.0,0.1666666567325592,0.1666666567325592,0.1666666567325592,0.0
177,2014-10-27,"[0.        0.1111111 0.1111111 0.        0.1111111 0.        0.1111111
 0.1111111 0.1111111 0.1111111 0.1111111 0.        0.1111111]",1.0085286627552894,1.0143486231832846,0.1111111044883728,0.1111111044883728,0.0,0.1111111044883728,0.0,0.1111111044883728,0.1111111044883728,0.1111111044883728,0.1111111044883728,0.1111111044883728,0.0,0.1111111044883728,0.0
178,2014-10-28,"[0.         0.         0.16666666 0.         0.16666666 0.
 0.16666666 0.         0.         0.16666666 0.16666666 0.
 0.16666666]",1.016880007852873,1.0222078870552005,0.0,0.1666666567325592,0.0,0.1666666567325592,0.0,0.1666666567325592,0.0,0.0,0.1666666567325592,0.1666666567325592,0.0,0.1666666567325592,0.0
179,2014-10-29,"[0.         0.14285715 0.14285715 0.14285715 0.         0.14285715
 0.14285715 0.         0.14285715 0.14285715 0.         0.
 0.        ]",1.0257258243219936,1.0272983723126887,0.1428571492433548,0.1428571492433548,0.1428571492433548,0.0,0.1428571492433548,0.1428571492433548,0.0,0.1428571492433548,0.1428571492433548,0.0,0.0,0.0,0.0
180,2014-10-30,"[0.         0.14285715 0.14285715 0.14285715 0.         0.14285715
 0.14285715 0.14285715 0.         0.14285715 0.         0.
 0.        ]",1.0383093028293617,1.0442820811206233,0.1428571492433548,0.1428571492433548,0.1428571492433548,0.0,0.1428571492433548,0.1428571492433548,0.1428571492433548,0.0,0.1428571492433548,0.0,0.0,0.0,0.0
181,2014-10-31,"[0.         0.         0.14285715 0.14285715 0.14285715 0.14285715
 0.14285715 0.14285715 0.         0.14285715 0.         0.
 0.        ]",1.0376590729804922,1.0444164957829478,0.0,0.1428571492433548,0.1428571492433548,0.1428571492433548,0.1428571492433548,0.1428571492433548,0.1428571492433548,0.0,0.1428571492433548,0.0,0.0,0.0,0.0
182,2014-11-03,"[0.        0.1111111 0.1111111 0.        0.1111111 0.1111111 0.
 0.1111111 0.1111111 0.1111111 0.        0.1111111 0.1111111]",1.0624103351669514,1.0711901654307001,0.1111111044883728,0.1111111044883728,0.0,0.1111111044883728,0.1111111044883728,0.0,0.1111111044883728,0.1111111044883728,0.1111111044883728,0.0,0.1111111044883728,0.1111111044883728,0.0
183,2014-11-04,"[0.         0.         0.14285715 0.         0.14285715 0.14285715
 0.         0.         0.14285715 0.14285715 0.14285715 0.
 0.14285715]",1.0630733562067511,1.0714133722445442,0.0,0.1428571492433548,0.0,0.1428571492433548,0.1428571492433548,0.0,0.0,0.1428571492433548,0.1428571492433548,0.1428571492433548,0.0,0.1428571492433548,0.0
184,2014-11-05,"[0.         0.         0.14285715 0.14285715 0.         0.14285715
 0.14285715 0.         0.         0.14285715 0.14285715 0.14285715
 0.        ]",1.0600591280536915,1.0670325930187141,0.0,0.1428571492433548,0.1428571492433548,0.0,0.1428571492433548,0.1428571492433548,0.0,0.0,0.1428571492433548,0.1428571492433548,0.1428571492433548,0.0,0.0
185,2014-11-06,[0.  0.  0.1 0.1 0.1 0.1 0.  0.1 0.1 0.1 0.1 0.1 0.1],1.0648134628326549,1.0734585280525677,0.0,0.10000000149011612,0.10000000149011612,0.10000000149011612,0.10000000149011612,0.0,0.10000000149011612,0.10000000149011612,0.10000000149011612,0.10000000149011612,0.10000000149011612,0.10000000149011612,0.0
186,2014-11-07,[0.  0.  0.2 0.2 0.  0.  0.2 0.2 0.  0.  0.  0.2 0. ],1.0625118913925984,1.0721603845619183,0.0,0.20000000298023224,0.20000000298023224,0.0,0.0,0.20000000298023224,0.20000000298023224,0.0,0.0,0.0,0.20000000298023224,0.0,0.0
187,2014-11-10,[0.  0.2 0.  0.  0.2 0.2 0.2 0.  0.  0.  0.  0.  0.2],1.0590782590287855,1.0718853870018692,0.20000000298023224,0.0,0.0,0.20000000298023224,0.20000000298023224,0.20000000298023224,0.0,0.0,0.0,0.0,0.0,0.20000000298023224,0.0
188,2014-11-11,[0.  0.2 0.  0.2 0.  0.  0.2 0.  0.2 0.  0.2 0.  0. ],1.0528749566919002,1.0655854996014182,0.20000000298023224,0.0,0.20000000298023224,0.0,0.0,0.20000000298023224,0.0,0.20000000298023224,0.0,0.20000000298023224,0.0,0.0,0.0
189,2014-11-12,[0.   0.   0.   0.25 0.   0.   0.25 0.25 0.   0.   0.   0.25 0.  ],1.059446605991405,1.0770933317447857,0.0,0.0,0.25,0.0,0.0,0.25,0.25,0.0,0.0,0.0,0.25,0.0,0.0
190,2014-11-13,"[0.         0.16666666 0.         0.16666666 0.         0.16666666
 0.16666666 0.         0.         0.16666666 0.16666666 0.
 0.        ]",1.0516852209161627,1.069780671730293,0.1666666567325592,0.0,0.1666666567325592,0.0,0.1666666567325592,0.1666666567325592,0.0,0.0,0.1666666567325592,0.1666666567325592,0.0,0.0,0.0
191,2014-11-14,[0.  0.2 0.  0.  0.  0.  0.  0.2 0.  0.2 0.  0.2 0.2],1.0592094732145056,1.0741206678313533,0.20000000298023224,0.0,0.0,0.0,0.0,0.0,0.20000000298023224,0.0,0.20000000298023224,0.0,0.20000000298023224,0.20000000298023224,0.0
192,2014-11-17,[0.  0.  0.  0.2 0.  0.  0.  0.2 0.2 0.2 0.  0.2 0. ],1.05888993141624,1.068504012799895,0.0,0.0,0.20000000298023224,0.0,0.0,0.0,0.20000000298023224,0.20000000298023224,0.20000000298023224,0.0,0.20000000298023224,0.0,0.0
193,2014-11-18,"[0.         0.         0.16666666 0.16666666 0.16666666 0.
 0.         0.16666666 0.16666666 0.         0.         0.
 0.16666666]",1.0443038901318134,1.0608530229349902,0.0,0.1666666567325592,0.1666666567325592,0.1666666567325592,0.0,0.0,0.1666666567325592,0.1666666567325592,0.0,0.0,0.0,0.1666666567325592,0.0
194,2014-11-19,[0.  0.  0.1 0.1 0.  0.1 0.1 0.1 0.1 0.1 0.1 0.1 0.1],1.0438799226945537,1.0653998840705023,0.0,0.10000000149011612,0.10000000149011612,0.0,0.10000000149011612,0.10000000149011612,0.10000000149011612,0.10000000149011612,0.10000000149011612,0.10000000149011612,0.10000000149011612,0.10000000149011612,0.0
195,2014-11-20,"[0.         0.         0.14285715 0.14285715 0.14285715 0.14285715
 0.         0.         0.14285715 0.         0.14285715 0.14285715
 0.        ]",1.0467211769981632,1.0675552413133467,0.0,0.1428571492433548,0.1428571492433548,0.1428571492433548,0.1428571492433548,0.0,0.0,0.1428571492433548,0.0,0.1428571492433548,0.1428571492433548,0.0,0.0
196,2014-11-21,[0.  0.  0.  0.  0.  0.  0.  0.  0.  0.  0.5 0.  0.5],1.0315339836226924,1.0548414752021456,0.0,0.0,0.0,0.0,0.0,0.0,0.0,0.0,0.0,0.5,0.0,0.5,0.0
197,2014-11-24,"[0.         0.16666666 0.         0.         0.16666666 0.
 0.         0.16666666 0.         0.16666666 0.         0.16666666
 0.16666666]",1.0534084059062772,1.0786814453083433,0.1666666567325592,0.0,0.0,0.1666666567325592,0.0,0.0,0.1666666567325592,0.0,0.1666666567325592,0.0,0.1666666567325592,0.1666666567325592,0.0
198,2014-11-25,[0.  0.  0.2 0.2 0.2 0.  0.  0.2 0.  0.  0.  0.2 0. ],1.043610978461696,1.0691672815543847,0.0,0.20000000298023224,0.20000000298023224,0.20000000298023224,0.0,0.0,0.20000000298023224,0.0,0.0,0.0,0.20000000298023224,0.0,0.0
199,2014-11-26,"[0.         0.         0.14285715 0.14285715 0.         0.14285715
 0.14285715 0.         0.         0.14285715 0.14285715 0.
 0.14285715]",1.0503081581752822,1.072637695466094,0.0,0.1428571492433548,0.1428571492433548,0.0,0.1428571492433548,0.1428571492433548,0.0,0.0,0.1428571492433548,0.1428571492433548,0.0,0.1428571492433548,0.0
200,2014-11-28,[0.  0.  0.  0.2 0.  0.2 0.2 0.2 0.  0.  0.  0.  0.2],1.0483229234170102,1.0709383688883383,0.0,0.0,0.20000000298023224,0.0,0.20000000298023224,0.20000000298023224,0.20000000298023224,0.0,0.0,0.0,0.0,0.20000000298023224,0.0
201,2014-12-01,"[0.        0.        0.1111111 0.1111111 0.        0.1111111 0.1111111
 0.        0.1111111 0.1111111 0.1111111 0.1111111 0.1111111]",1.0613446182735102,1.0786914057798855,0.0,0.1111111044883728,0.1111111044883728,0.0,0.1111111044883728,0.1111111044883728,0.0,0.1111111044883728,0.1111111044883728,0.1111111044883728,0.1111111044883728,0.1111111044883728,0.0
202,2014-12-02,[0.  0.2 0.2 0.  0.  0.  0.  0.  0.  0.2 0.2 0.2 0. ],1.0540979945490723,1.0700938318573523,0.20000000298023224,0.20000000298023224,0.0,0.0,0.0,0.0,0.0,0.0,0.20000000298023224,0.20000000298023224,0.20000000298023224,0.0,0.0
203,2014-12-03,"[0.         0.         0.14285715 0.14285715 0.         0.14285715
 0.         0.14285715 0.         0.14285715 0.         0.14285715
 0.14285715]",1.044848774517092,1.062970589206919,0.0,0.1428571492433548,0.1428571492433548,0.0,0.1428571492433548,0.0,0.1428571492433548,0.0,0.1428571492433548,0.0,0.1428571492433548,0.1428571492433548,0.0
204,2014-12-04,"[0.         0.         0.         0.16666666 0.         0.16666666
 0.16666666 0.         0.         0.16666666 0.16666666 0.16666666
 0.        ]",1.0642742968344452,1.0769103356685203,0.0,0.0,0.1666666567325592,0.0,0.1666666567325592,0.1666666567325592,0.0,0.0,0.1666666567325592,0.1666666567325592,0.1666666567325592,0.0,0.0
205,2014-12-05,"[0.    0.    0.125 0.125 0.125 0.125 0.125 0.125 0.125 0.    0.    0.125
 0.   ]",1.0668337274231396,1.0839090730406213,0.0,0.125,0.125,0.125,0.125,0.125,0.125,0.125,0.0,0.0,0.125,0.0,0.0
206,2014-12-08,[0.  0.2 0.  0.  0.  0.  0.2 0.  0.  0.  0.2 0.2 0.2],1.0691758573679764,1.0867829435400458,0.20000000298023224,0.0,0.0,0.0,0.0,0.20000000298023224,0.0,0.0,0.0,0.20000000298023224,0.20000000298023224,0.20000000298023224,0.0
207,2014-12-09,"[0.         0.16666666 0.16666666 0.         0.         0.
 0.16666666 0.16666666 0.16666666 0.         0.         0.16666666
 0.        ]",1.0785372274155647,1.0964513197102381,0.1666666567325592,0.1666666567325592,0.0,0.0,0.0,0.1666666567325592,0.1666666567325592,0.1666666567325592,0.0,0.0,0.1666666567325592,0.0,0.0
208,2014-12-10,[0.   0.   0.25 0.   0.   0.   0.   0.25 0.   0.25 0.   0.   0.25],1.0603770476668215,1.07969039973219,0.0,0.25,0.0,0.0,0.0,0.0,0.25,0.0,0.25,0.0,0.0,0.25,0.0
209,2014-12-11,"[0.    0.125 0.    0.125 0.125 0.125 0.    0.    0.125 0.    0.125 0.125
 0.125]",1.064015701585274,1.091958666517876,0.125,0.0,0.125,0.125,0.125,0.0,0.0,0.125,0.0,0.125,0.125,0.125,0.0
210,2014-12-12,[0.   0.   0.   0.25 0.25 0.25 0.   0.   0.25 0.   0.   0.   0.  ],1.0479601451716687,1.076514768800046,0.0,0.0,0.25,0.25,0.25,0.0,0.0,0.25,0.0,0.0,0.0,0.0,0.0
211,2014-12-15,"[0.        0.3333333 0.        0.        0.        0.        0.
 0.3333333 0.        0.3333333 0.        0.        0.       ]",1.0368464602128604,1.0654115402854534,0.3333333134651184,0.0,0.0,0.0,0.0,0.0,0.3333333134651184,0.0,0.3333333134651184,0.0,0.0,0.0,0.0
212,2014-12-16,"[0.         0.         0.14285715 0.         0.14285715 0.
 0.         0.         0.14285715 0.14285715 0.14285715 0.14285715
 0.14285715]",1.0372311546328445,1.065164693781078,0.0,0.1428571492433548,0.0,0.1428571492433548,0.0,0.0,0.0,0.1428571492433548,0.1428571492433548,0.1428571492433548,0.1428571492433548,0.1428571492433548,0.0
213,2014-12-17,[0.  0.  0.2 0.  0.2 0.2 0.2 0.  0.  0.  0.  0.2 0. ],1.0175701678045241,1.0473745311004672,0.0,0.20000000298023224,0.0,0.20000000298023224,0.20000000298023224,0.20000000298023224,0.0,0.0,0.0,0.0,0.20000000298023224,0.0,0.0
214,2014-12-18,"[0.         0.         0.16666666 0.         0.         0.16666666
 0.         0.16666666 0.         0.16666666 0.16666666 0.16666666
 0.        ]",1.0204078393527312,1.0465607876736727,0.0,0.1666666567325592,0.0,0.0,0.1666666567325592,0.0,0.1666666567325592,0.0,0.1666666567325592,0.1666666567325592,0.1666666567325592,0.0,0.0
215,2014-12-19,[0.  0.  0.  0.  0.  0.  0.2 0.2 0.2 0.2 0.  0.  0.2],1.0479958353934358,1.0765589854669764,0.0,0.0,0.0,0.0,0.0,0.20000000298023224,0.20000000298023224,0.20000000298023224,0.20000000298023224,0.0,0.0,0.20000000298023224,0.0
216,2014-12-22,"[0.         0.         0.14285715 0.14285715 0.14285715 0.
 0.         0.14285715 0.14285715 0.14285715 0.         0.
 0.14285715]",1.0578844664662068,1.0837145207082057,0.0,0.1428571492433548,0.1428571492433548,0.1428571492433548,0.0,0.0,0.1428571492433548,0.1428571492433548,0.1428571492433548,0.0,0.0,0.1428571492433548,0.0
217,2014-12-23,[0.  0.2 0.2 0.2 0.2 0.  0.  0.  0.  0.2 0.  0.  0. ],1.0601045921099974,1.0833852524429588,0.20000000298023224,0.20000000298023224,0.20000000298023224,0.20000000298023224,0.0,0.0,0.0,0.0,0.20000000298023224,0.0,0.0,0.0,0.0
218,2014-12-24,[0.  0.  0.2 0.2 0.  0.2 0.  0.  0.  0.2 0.  0.  0.2],1.0675829094092206,1.0942612742377242,0.0,0.20000000298023224,0.20000000298023224,0.0,0.20000000298023224,0.0,0.0,0.0,0.20000000298023224,0.0,0.0,0.20000000298023224,0.0
219,2014-12-26,"[0.    0.    0.    0.    0.125 0.125 0.125 0.125 0.125 0.125 0.125 0.
 0.125]",1.0656361735353597,1.0906337484089317,0.0,0.0,0.0,0.125,0.125,0.125,0.125,0.125,0.125,0.125,0.0,0.125,0.0
220,2014-12-29,"[0.         0.16666666 0.         0.16666666 0.16666666 0.
 0.16666666 0.         0.         0.         0.16666666 0.
 0.16666666]",1.0697059703515692,1.094202848097991,0.1666666567325592,0.0,0.1666666567325592,0.1666666567325592,0.0,0.1666666567325592,0.0,0.0,0.0,0.1666666567325592,0.0,0.1666666567325592,0.0
221,2014-12-30,[0.  0.  0.  0.2 0.2 0.  0.  0.  0.  0.  0.2 0.2 0.2],1.0656073903310972,1.0926751114508377,0.0,0.0,0.20000000298023224,0.20000000298023224,0.0,0.0,0.0,0.0,0.0,0.20000000298023224,0.20000000298023224,0.20000000298023224,0.0
222,2014-12-31,[0.   0.25 0.   0.25 0.   0.   0.   0.   0.25 0.   0.   0.   0.25],1.0641064180266784,1.0924832468293604,0.25,0.0,0.25,0.0,0.0,0.0,0.0,0.25,0.0,0.0,0.0,0.25,0.0
223,2015-01-02,[0.  0.1 0.1 0.1 0.1 0.  0.1 0.1 0.1 0.1 0.1 0.1 0. ],1.066694471299139,1.0910348475604417,0.10000000149011612,0.10000000149011612,0.10000000149011612,0.10000000149011612,0.0,0.10000000149011612,0.10000000149011612,0.10000000149011612,0.10000000149011612,0.10000000149011612,0.10000000149011612,0.0,0.0
224,2015-01-05,[0.  0.  0.  0.  0.2 0.  0.  0.2 0.2 0.2 0.2 0.  0. ],1.0658442368707848,1.0920558961121967,0.0,0.0,0.0,0.20000000298023224,0.0,0.0,0.20000000298023224,0.20000000298023224,0.20000000298023224,0.20000000298023224,0.0,0.0,0.0
225,2015-01-06,"[0.         0.         0.16666666 0.16666666 0.         0.16666666
 0.16666666 0.16666666 0.         0.         0.16666666 0.
 0.        ]",1.0540859805310396,1.0836903957122017,0.0,0.1666666567325592,0.1666666567325592,0.0,0.1666666567325592,0.1666666567325592,0.1666666567325592,0.0,0.0,0.1666666567325592,0.0,0.0,0.0
226,2015-01-07,[0.  0.1 0.1 0.1 0.  0.1 0.1 0.1 0.1 0.  0.1 0.1 0.1],1.0467432520649467,1.0757894147303164,0.10000000149011612,0.10000000149011612,0.10000000149011612,0.0,0.10000000149011612,0.10000000149011612,0.10000000149011612,0.10000000149011612,0.0,0.10000000149011612,0.10000000149011612,0.10000000149011612,0.0
227,2015-01-08,[0.  0.2 0.  0.2 0.2 0.  0.  0.  0.  0.2 0.2 0.  0. ],1.0451129912276604,1.0706038346498947,0.20000000298023224,0.0,0.20000000298023224,0.20000000298023224,0.0,0.0,0.0,0.0,0.20000000298023224,0.20000000298023224,0.0,0.0,0.0
228,2015-01-09,"[0.        0.        0.3333333 0.        0.3333333 0.        0.
 0.        0.        0.        0.3333333 0.        0.       ]",1.0530270659051877,1.080126391000349,0.0,0.3333333134651184,0.0,0.3333333134651184,0.0,0.0,0.0,0.0,0.0,0.3333333134651184,0.0,0.0,0.0
229,2015-01-12,"[0.         0.16666666 0.16666666 0.16666666 0.         0.
 0.         0.16666666 0.         0.         0.16666666 0.
 0.16666666]",1.0637129814039483,1.0940341039526482,0.1666666567325592,0.1666666567325592,0.1666666567325592,0.0,0.0,0.0,0.1666666567325592,0.0,0.0,0.1666666567325592,0.0,0.1666666567325592,0.0
230,2015-01-13,[0.  0.  0.2 0.2 0.  0.  0.2 0.2 0.  0.  0.  0.2 0. ],1.0506696631375765,1.0909462740256717,0.0,0.20000000298023224,0.20000000298023224,0.0,0.0,0.20000000298023224,0.20000000298023224,0.0,0.0,0.0,0.20000000298023224,0.0,0.0
231,2015-01-14,[0.   0.   0.   0.   0.   0.25 0.25 0.25 0.25 0.   0.   0.   0.  ],1.0602388061170274,1.0928919859086017,0.0,0.0,0.0,0.0,0.25,0.25,0.25,0.25,0.0,0.0,0.0,0.0,0.0
232,2015-01-15,[0.  0.  0.2 0.2 0.  0.  0.2 0.  0.  0.2 0.2 0.  0. ],1.0425242350890773,1.0708089395903073,0.0,0.20000000298023224,0.20000000298023224,0.0,0.0,0.20000000298023224,0.0,0.0,0.20000000298023224,0.20000000298023224,0.0,0.0,0.0
233,2015-01-16,[0.   0.   0.25 0.   0.   0.   0.   0.25 0.   0.25 0.25 0.   0.  ],1.037278768090993,1.0681505623793057,0.0,0.25,0.0,0.0,0.0,0.0,0.25,0.0,0.25,0.25,0.0,0.0,0.0
234,2015-01-20,[0.  0.  0.2 0.  0.2 0.  0.2 0.2 0.  0.  0.  0.2 0. ],1.021176116594904,1.0488380602572267,0.0,0.20000000298023224,0.0,0.20000000298023224,0.0,0.20000000298023224,0.20000000298023224,0.0,0.0,0.0,0.20000000298023224,0.0,0.0
235,2015-01-21,[0.  0.  0.2 0.  0.  0.  0.2 0.2 0.2 0.  0.2 0.  0. ],1.0423628307225226,1.0679501011751662,0.0,0.20000000298023224,0.0,0.0,0.0,0.20000000298023224,0.20000000298023224,0.20000000298023224,0.0,0.20000000298023224,0.0,0.0,0.0
236,2015-01-22,[0.   0.25 0.25 0.   0.   0.   0.25 0.25 0.   0.   0.   0.   0.  ],1.0304033567826154,1.0570661144799476,0.25,0.25,0.0,0.0,0.0,0.25,0.25,0.0,0.0,0.0,0.0,0.0,0.0
237,2015-01-23,"[0.        0.        0.3333333 0.        0.        0.3333333 0.
 0.        0.        0.3333333 0.        0.        0.       ]",1.0464782813128979,1.0598048621277436,0.0,0.3333333134651184,0.0,0.0,0.3333333134651184,0.0,0.0,0.0,0.3333333134651184,0.0,0.0,0.0,0.0
238,2015-01-26,"[0.         0.14285715 0.14285715 0.14285715 0.         0.
 0.         0.         0.14285715 0.14285715 0.14285715 0.14285715
 0.        ]",1.0607208541363127,1.076505236287153,0.1428571492433548,0.1428571492433548,0.1428571492433548,0.0,0.0,0.0,0.0,0.1428571492433548,0.1428571492433548,0.1428571492433548,0.1428571492433548,0.0,0.0
239,2015-01-27,[0.  0.2 0.  0.  0.  0.2 0.  0.2 0.  0.2 0.  0.2 0. ],1.0432901270709074,1.0604328224554953,0.20000000298023224,0.0,0.0,0.0,0.20000000298023224,0.0,0.20000000298023224,0.0,0.20000000298023224,0.0,0.20000000298023224,0.0,0.0
240,2015-01-28,"[0.         0.         0.14285715 0.14285715 0.14285715 0.
 0.14285715 0.         0.         0.14285715 0.14285715 0.14285715
 0.        ]",1.0314503284732002,1.0556081281079515,0.0,0.1428571492433548,0.1428571492433548,0.1428571492433548,0.0,0.1428571492433548,0.0,0.0,0.1428571492433548,0.1428571492433548,0.1428571492433548,0.0,0.0
241,2015-01-29,"[0.        0.        0.        0.        0.3333333 0.        0.
 0.3333333 0.        0.        0.        0.3333333 0.       ]",1.040294270721504,1.0637776104925503,0.0,0.0,0.0,0.3333333134651184,0.0,0.0,0.3333333134651184,0.0,0.0,0.0,0.3333333134651184,0.0,0.0
242,2015-01-30,"[0.    0.125 0.125 0.    0.125 0.    0.125 0.125 0.125 0.    0.125 0.
 0.125]",1.009995952070757,1.0417481720181425,0.125,0.125,0.0,0.125,0.0,0.125,0.125,0.125,0.0,0.125,0.0,0.125,0.0
243,2015-02-02,[0.  0.  0.  0.  0.2 0.  0.  0.2 0.2 0.  0.2 0.  0.2],1.010789718047295,1.0440321785087974,0.0,0.0,0.0,0.20000000298023224,0.0,0.0,0.20000000298023224,0.20000000298023224,0.0,0.20000000298023224,0.0,0.20000000298023224,0.0
244,2015-02-03,[0.  0.2 0.  0.2 0.  0.  0.  0.2 0.2 0.2 0.  0.  0. ],1.0072130298450686,1.0342192338570764,0.20000000298023224,0.0,0.20000000298023224,0.0,0.0,0.0,0.20000000298023224,0.20000000298023224,0.20000000298023224,0.0,0.0,0.0,0.0
245,2015-02-04,"[0.         0.14285715 0.14285715 0.         0.14285715 0.14285715
 0.         0.14285715 0.14285715 0.         0.14285715 0.
 0.        ]",1.024886295077754,1.0471135924277757,0.1428571492433548,0.1428571492433548,0.0,0.1428571492433548,0.1428571492433548,0.0,0.1428571492433548,0.1428571492433548,0.0,0.1428571492433548,0.0,0.0,0.0
246,2015-02-05,[0.  0.2 0.  0.2 0.2 0.  0.  0.  0.  0.2 0.2 0.  0. ],1.0297353561817753,1.0518529076579017,0.20000000298023224,0.0,0.20000000298023224,0.20000000298023224,0.0,0.0,0.0,0.0,0.20000000298023224,0.20000000298023224,0.0,0.0,0.0
247,2015-02-06,[0.  0.2 0.2 0.  0.2 0.  0.2 0.  0.2 0.  0.  0.  0. ],1.0408885133058432,1.0616052691170463,0.20000000298023224,0.20000000298023224,0.0,0.20000000298023224,0.0,0.20000000298023224,0.0,0.20000000298023224,0.0,0.0,0.0,0.0,0.0
248,2015-02-09,[0.  0.  0.2 0.  0.  0.2 0.2 0.2 0.  0.2 0.  0.  0. ],1.056546560457853,1.0710889279197007,0.0,0.20000000298023224,0.0,0.0,0.20000000298023224,0.20000000298023224,0.20000000298023224,0.0,0.20000000298023224,0.0,0.0,0.0,0.0
249,2015-02-10,"[0.        0.1111111 0.1111111 0.1111111 0.1111111 0.        0.1111111
 0.1111111 0.        0.1111111 0.1111111 0.        0.1111111]",1.0458018370703959,1.0618733035877448,0.1111111044883728,0.1111111044883728,0.1111111044883728,0.1111111044883728,0.0,0.1111111044883728,0.1111111044883728,0.0,0.1111111044883728,0.1111111044883728,0.0,0.1111111044883728,0.0
250,2015-02-11,"[0.         0.         0.16666666 0.         0.16666666 0.16666666
 0.         0.16666666 0.         0.         0.16666666 0.
 0.16666666]",1.0495819551074752,1.065367741567182,0.0,0.1666666567325592,0.0,0.1666666567325592,0.1666666567325592,0.0,0.1666666567325592,0.0,0.0,0.1666666567325592,0.0,0.1666666567325592,0.0
251,2015-02-12,[0.   0.   0.   0.25 0.25 0.   0.   0.   0.25 0.   0.   0.25 0.  ],1.0525033865884341,1.068533694626634,0.0,0.0,0.25,0.25,0.0,0.0,0.0,0.25,0.0,0.0,0.25,0.0,0.0
252,2015-02-13,[0.  0.  0.2 0.  0.  0.2 0.  0.  0.2 0.2 0.  0.2 0. ],1.0585207141247863,1.0755158319415343,0.0,0.20000000298023224,0.0,0.0,0.20000000298023224,0.0,0.0,0.20000000298023224,0.20000000298023224,0.0,0.20000000298023224,0.0,0.0
253,2015-02-17,[0.  0.  0.  0.2 0.2 0.  0.2 0.2 0.  0.  0.2 0.  0. ],1.0697991245930416,1.084521143467747,0.0,0.0,0.20000000298023224,0.20000000298023224,0.0,0.20000000298023224,0.20000000298023224,0.0,0.0,0.20000000298023224,0.0,0.0,0.0
254,2015-02-18,"[0.         0.16666666 0.16666666 0.         0.         0.16666666
 0.         0.16666666 0.16666666 0.         0.16666666 0.
 0.        ]",1.0774475775804688,1.0866134763402469,0.1666666567325592,0.1666666567325592,0.0,0.0,0.1666666567325592,0.0,0.1666666567325592,0.1666666567325592,0.0,0.1666666567325592,0.0,0.0,0.0
255,2015-02-19,"[0.    0.125 0.125 0.    0.125 0.125 0.    0.125 0.    0.125 0.125 0.125
 0.   ]",1.0831420133468768,1.0910164370507434,0.125,0.125,0.0,0.125,0.125,0.0,0.125,0.0,0.125,0.125,0.125,0.0,0.0
256,2015-02-20,[0.   0.   0.   0.   0.   0.25 0.25 0.25 0.   0.   0.   0.25 0.  ],1.0739493022577884,1.083192571999518,0.0,0.0,0.0,0.0,0.25,0.25,0.25,0.0,0.0,0.0,0.25,0.0,0.0
257,2015-02-23,"[0.         0.14285715 0.14285715 0.14285715 0.         0.14285715
 0.14285715 0.         0.14285715 0.         0.         0.
 0.14285715]",1.077836113060548,1.0817945816858119,0.1428571492433548,0.1428571492433548,0.1428571492433548,0.0,0.1428571492433548,0.1428571492433548,0.0,0.1428571492433548,0.0,0.0,0.0,0.1428571492433548,0.0
258,2015-02-24,[0.   0.   0.25 0.25 0.25 0.   0.   0.   0.   0.   0.25 0.   0.  ],1.0835764401171832,1.0871809498444573,0.0,0.25,0.25,0.25,0.0,0.0,0.0,0.0,0.0,0.25,0.0,0.0,0.0
259,2015-02-25,"[0.         0.16666666 0.16666666 0.         0.16666666 0.16666666
 0.         0.         0.16666666 0.         0.         0.
 0.16666666]",1.089461351947156,1.0888669613502922,0.1666666567325592,0.1666666567325592,0.0,0.1666666567325592,0.1666666567325592,0.0,0.0,0.1666666567325592,0.0,0.0,0.0,0.1666666567325592,0.0
260,2015-02-26,"[0.         0.         0.         0.         0.14285715 0.14285715
 0.         0.14285715 0.14285715 0.14285715 0.14285715 0.
 0.14285715]",1.096178527057438,1.0978415473065135,0.0,0.0,0.0,0.1428571492433548,0.1428571492433548,0.0,0.1428571492433548,0.1428571492433548,0.1428571492433548,0.1428571492433548,0.0,0.1428571492433548,0.0
261,2015-02-27,[0.  0.  0.2 0.  0.  0.2 0.  0.2 0.  0.  0.2 0.  0.2],1.092300744209186,1.0985197422699224,0.0,0.20000000298023224,0.0,0.0,0.20000000298023224,0.0,0.20000000298023224,0.0,0.0,0.20000000298023224,0.0,0.20000000298023224,0.0
262,2015-03-02,"[0.         0.09090909 0.09090909 0.09090909 0.09090909 0.09090909
 0.09090909 0.09090909 0.09090909 0.09090909 0.09090909 0.
 0.09090909]",1.0911377612389235,1.1049070586585417,0.09090909361839294,0.09090909361839294,0.09090909361839294,0.09090909361839294,0.09090909361839294,0.09090909361839294,0.09090909361839294,0.09090909361839294,0.09090909361839294,0.09090909361839294,0.0,0.09090909361839294,0.0
263,2015-03-03,"[0.         0.         0.16666666 0.16666666 0.         0.16666666
 0.16666666 0.         0.16666666 0.         0.         0.
 0.16666666]",1.087739071949712,1.1025749664667344,0.0,0.1666666567325592,0.1666666567325592,0.0,0.1666666567325592,0.1666666567325592,0.0,0.1666666567325592,0.0,0.0,0.0,0.1666666567325592,0.0
264,2015-03-04,"[0.         0.         0.14285715 0.14285715 0.14285715 0.
 0.14285715 0.14285715 0.14285715 0.         0.         0.14285715
 0.        ]",1.102323501229226,1.112660782167761,0.0,0.1428571492433548,0.1428571492433548,0.1428571492433548,0.0,0.1428571492433548,0.1428571492433548,0.1428571492433548,0.0,0.0,0.1428571492433548,0.0,0.0
265,2015-03-05,"[0.         0.         0.16666666 0.         0.         0.16666666
 0.16666666 0.16666666 0.16666666 0.16666666 0.         0.
 0.        ]",1.0907967508441279,1.1027347698162793,0.0,0.1666666567325592,0.0,0.0,0.1666666567325592,0.1666666567325592,0.1666666567325592,0.1666666567325592,0.1666666567325592,0.0,0.0,0.0,0.0
266,2015-03-06,"[0.         0.16666666 0.         0.         0.16666666 0.16666666
 0.         0.16666666 0.16666666 0.         0.16666666 0.
 0.        ]",1.10829394183582,1.1113754722201166,0.1666666567325592,0.0,0.0,0.1666666567325592,0.1666666567325592,0.0,0.1666666567325592,0.1666666567325592,0.0,0.1666666567325592,0.0,0.0,0.0
267,2015-03-09,"[0.         0.         0.14285715 0.         0.14285715 0.14285715
 0.14285715 0.         0.14285715 0.14285715 0.         0.14285715
 0.        ]",1.106655174324525,1.1070959319986229,0.0,0.1428571492433548,0.0,0.1428571492433548,0.1428571492433548,0.1428571492433548,0.0,0.1428571492433548,0.1428571492433548,0.0,0.1428571492433548,0.0,0.0
268,2015-03-10,"[0.    0.    0.125 0.125 0.    0.    0.125 0.    0.125 0.125 0.125 0.125
 0.125]",1.0969194038767205,1.1002603265127284,0.0,0.125,0.125,0.0,0.0,0.125,0.0,0.125,0.125,0.125,0.125,0.125,0.0
269,2015-03-11,"[0.        0.        0.        0.1111111 0.1111111 0.1111111 0.1111111
 0.1111111 0.1111111 0.1111111 0.1111111 0.        0.1111111]",1.0871192584469713,1.0916344083179723,0.0,0.0,0.1111111044883728,0.1111111044883728,0.1111111044883728,0.1111111044883728,0.1111111044883728,0.1111111044883728,0.1111111044883728,0.1111111044883728,0.0,0.1111111044883728,0.0
270,2015-03-12,"[0.    0.125 0.    0.125 0.    0.125 0.    0.    0.125 0.125 0.125 0.125
 0.125]",1.081545127392644,1.0930822991740918,0.125,0.0,0.125,0.0,0.125,0.0,0.0,0.125,0.125,0.125,0.125,0.125,0.0
271,2015-03-13,[0.  0.2 0.  0.  0.  0.2 0.  0.  0.2 0.  0.2 0.2 0. ],1.0655305018884016,1.0850063934379828,0.20000000298023224,0.0,0.0,0.0,0.20000000298023224,0.0,0.0,0.20000000298023224,0.0,0.20000000298023224,0.20000000298023224,0.0,0.0
272,2015-03-16,"[0.    0.    0.125 0.125 0.125 0.125 0.125 0.    0.    0.125 0.    0.125
 0.125]",1.0693465101886916,1.092536551314874,0.0,0.125,0.125,0.125,0.125,0.125,0.0,0.0,0.125,0.0,0.125,0.125,0.0
273,2015-03-17,"[0.         0.16666666 0.         0.         0.16666666 0.16666666
 0.         0.16666666 0.         0.16666666 0.         0.16666666
 0.        ]",1.0740607939784743,1.0964360969148264,0.1666666567325592,0.0,0.0,0.1666666567325592,0.1666666567325592,0.0,0.1666666567325592,0.0,0.1666666567325592,0.0,0.1666666567325592,0.0,0.0
274,2015-03-18,[0.   0.   0.25 0.   0.   0.   0.   0.25 0.   0.   0.25 0.25 0.  ],1.0617590117709539,1.0939398280285375,0.0,0.25,0.0,0.0,0.0,0.0,0.25,0.0,0.0,0.25,0.25,0.0,0.0
275,2015-03-19,"[0.         0.         0.         0.         0.16666666 0.16666666
 0.16666666 0.         0.16666666 0.         0.         0.16666666
 0.16666666]",1.0589096124204052,1.0938043353747513,0.0,0.0,0.0,0.1666666567325592,0.1666666567325592,0.1666666567325592,0.0,0.1666666567325592,0.0,0.0,0.1666666567325592,0.1666666567325592,0.0
276,2015-03-20,[0.  0.  0.  0.2 0.2 0.  0.2 0.  0.  0.  0.2 0.2 0. ],1.0657355190274795,1.0989838145703357,0.0,0.0,0.20000000298023224,0.20000000298023224,0.0,0.20000000298023224,0.0,0.0,0.0,0.20000000298023224,0.20000000298023224,0.0,0.0
277,2015-03-23,[0.  0.2 0.  0.  0.  0.  0.  0.  0.  0.2 0.2 0.2 0.2],1.0736428001878071,1.1018468407258422,0.20000000298023224,0.0,0.0,0.0,0.0,0.0,0.0,0.0,0.20000000298023224,0.20000000298023224,0.20000000298023224,0.20000000298023224,0.0
278,2015-03-24,"[0.         0.         0.         0.16666666 0.16666666 0.
 0.         0.16666666 0.16666666 0.16666666 0.         0.16666666
 0.        ]",1.076771774605935,1.1039907078404172,0.0,0.0,0.1666666567325592,0.1666666567325592,0.0,0.0,0.1666666567325592,0.1666666567325592,0.1666666567325592,0.0,0.1666666567325592,0.0,0.0
279,2015-03-25,"[0.         0.16666666 0.         0.16666666 0.         0.16666666
 0.16666666 0.         0.         0.         0.16666666 0.16666666
 0.        ]",1.0743827981544467,1.099721910090141,0.1666666567325592,0.0,0.1666666567325592,0.0,0.1666666567325592,0.1666666567325592,0.0,0.0,0.0,0.1666666567325592,0.1666666567325592,0.0,0.0
280,2015-03-26,"[0.         0.14285715 0.14285715 0.         0.14285715 0.14285715
 0.         0.14285715 0.         0.14285715 0.         0.14285715
 0.        ]",1.0656116440074972,1.09169092998021,0.1428571492433548,0.1428571492433548,0.0,0.1428571492433548,0.1428571492433548,0.0,0.1428571492433548,0.0,0.1428571492433548,0.0,0.1428571492433548,0.0,0.0
281,2015-03-27,"[0.         0.16666666 0.         0.16666666 0.         0.16666666
 0.         0.         0.16666666 0.         0.16666666 0.
 0.16666666]",1.0405515985226301,1.063582010560834,0.1666666567325592,0.0,0.1666666567325592,0.0,0.1666666567325592,0.0,0.0,0.1666666567325592,0.0,0.1666666567325592,0.0,0.1666666567325592,0.0
282,2015-03-30,[0.   0.   0.   0.   0.25 0.   0.   0.   0.25 0.   0.25 0.   0.25],1.0536117588741651,1.0723524759568746,0.0,0.0,0.0,0.25,0.0,0.0,0.0,0.25,0.0,0.25,0.0,0.25,0.0
283,2015-03-31,"[0.    0.125 0.125 0.125 0.125 0.125 0.    0.    0.125 0.    0.    0.125
 0.125]",1.072666374579007,1.0870639718337554,0.125,0.125,0.125,0.125,0.125,0.0,0.0,0.125,0.0,0.0,0.125,0.125,0.0
284,2015-04-01,"[0.         0.16666666 0.         0.         0.16666666 0.16666666
 0.         0.         0.16666666 0.16666666 0.         0.16666666
 0.        ]",1.0795855350871855,1.0922903150590912,0.1666666567325592,0.0,0.0,0.1666666567325592,0.1666666567325592,0.0,0.0,0.1666666567325592,0.1666666567325592,0.0,0.1666666567325592,0.0,0.0
285,2015-04-02,[0.  0.2 0.2 0.  0.  0.2 0.2 0.  0.  0.2 0.  0.  0. ],1.0699979282443182,1.0856032203520463,0.20000000298023224,0.20000000298023224,0.0,0.0,0.20000000298023224,0.20000000298023224,0.0,0.0,0.20000000298023224,0.0,0.0,0.0,0.0
286,2015-04-06,"[0.    0.125 0.    0.125 0.    0.125 0.    0.125 0.    0.125 0.125 0.125
 0.125]",1.0630637689530709,1.0846489407125075,0.125,0.0,0.125,0.0,0.125,0.0,0.125,0.0,0.125,0.125,0.125,0.125,0.0
287,2015-04-07,"[0.         0.         0.         0.         0.         0.16666666
 0.16666666 0.16666666 0.16666666 0.         0.         0.16666666
 0.16666666]",1.0564270238031508,1.0784810624323695,0.0,0.0,0.0,0.0,0.1666666567325592,0.1666666567325592,0.1666666567325592,0.1666666567325592,0.0,0.0,0.1666666567325592,0.1666666567325592,0.0
288,2015-04-08,[0.   0.   0.25 0.   0.   0.   0.25 0.   0.25 0.25 0.   0.   0.  ],1.0633175773674834,1.0851431807612981,0.0,0.25,0.0,0.0,0.0,0.25,0.0,0.25,0.25,0.0,0.0,0.0,0.0
289,2015-04-09,"[0.    0.125 0.    0.125 0.    0.125 0.125 0.125 0.125 0.    0.    0.125
 0.125]",1.06372790501291,1.0833627421893495,0.125,0.0,0.125,0.0,0.125,0.125,0.125,0.125,0.0,0.0,0.125,0.125,0.0
290,2015-04-10,[0.  0.  0.  0.2 0.  0.  0.  0.  0.2 0.2 0.2 0.2 0. ],1.069984256429889,1.0862972198299896,0.0,0.0,0.20000000298023224,0.0,0.0,0.0,0.0,0.20000000298023224,0.20000000298023224,0.20000000298023224,0.20000000298023224,0.0,0.0
291,2015-04-13,"[0.         0.         0.         0.14285715 0.         0.
 0.         0.14285715 0.14285715 0.14285715 0.14285715 0.14285715
 0.14285715]",1.0838116755294682,1.0956204578665973,0.0,0.0,0.1428571492433548,0.0,0.0,0.0,0.1428571492433548,0.1428571492433548,0.1428571492433548,0.1428571492433548,0.1428571492433548,0.1428571492433548,0.0
292,2015-04-14,[0.  0.  0.  0.  0.2 0.  0.2 0.  0.2 0.2 0.  0.2 0. ],1.0940327074473062,1.1038295362429438,0.0,0.0,0.0,0.20000000298023224,0.0,0.20000000298023224,0.0,0.20000000298023224,0.20000000298023224,0.0,0.20000000298023224,0.0,0.0
293,2015-04-15,"[0.         0.16666666 0.16666666 0.16666666 0.         0.
 0.         0.16666666 0.         0.         0.16666666 0.
 0.16666666]",1.0859590117833797,1.1006617405489887,0.1666666567325592,0.1666666567325592,0.1666666567325592,0.0,0.0,0.0,0.1666666567325592,0.0,0.0,0.1666666567325592,0.0,0.1666666567325592,0.0
294,2015-04-16,[0.  0.2 0.  0.  0.2 0.  0.2 0.  0.  0.  0.  0.2 0.2],1.0848027103549645,1.102847200992028,0.20000000298023224,0.0,0.0,0.20000000298023224,0.0,0.20000000298023224,0.0,0.0,0.0,0.0,0.20000000298023224,0.20000000298023224,0.0
295,2015-04-17,"[0.         0.16666666 0.         0.         0.16666666 0.
 0.16666666 0.16666666 0.         0.         0.16666666 0.16666666
 0.        ]",1.0939325980532064,1.1073178857408048,0.1666666567325592,0.0,0.0,0.1666666567325592,0.0,0.1666666567325592,0.1666666567325592,0.0,0.0,0.1666666567325592,0.1666666567325592,0.0,0.0
296,2015-04-20,"[0.         0.16666666 0.         0.         0.16666666 0.
 0.16666666 0.         0.         0.16666666 0.16666666 0.
 0.16666666]",1.0914995189456678,1.107826517953284,0.1666666567325592,0.0,0.0,0.1666666567325592,0.0,0.1666666567325592,0.0,0.0,0.1666666567325592,0.1666666567325592,0.0,0.1666666567325592,0.0
297,2015-04-21,[0.  0.  0.  0.  0.2 0.2 0.2 0.2 0.2 0.  0.  0.  0. ],1.0924946786424026,1.107195650148126,0.0,0.0,0.0,0.20000000298023224,0.20000000298023224,0.20000000298023224,0.20000000298023224,0.20000000298023224,0.0,0.0,0.0,0.0,0.0
298,2015-04-22,[0.  0.  0.2 0.  0.2 0.  0.  0.  0.2 0.2 0.2 0.  0. ],1.1027566511924796,1.1197804479910158,0.0,0.20000000298023224,0.0,0.20000000298023224,0.0,0.0,0.0,0.20000000298023224,0.20000000298023224,0.20000000298023224,0.0,0.0,0.0
299,2015-04-23,"[0.         0.14285715 0.14285715 0.14285715 0.         0.14285715
 0.14285715 0.14285715 0.         0.         0.         0.14285715
 0.        ]",1.0938712402473916,1.1120297299087678,0.1428571492433548,0.1428571492433548,0.1428571492433548,0.0,0.1428571492433548,0.1428571492433548,0.1428571492433548,0.0,0.0,0.0,0.1428571492433548,0.0,0.0
300,2015-04-24,"[0.        0.1111111 0.1111111 0.1111111 0.1111111 0.        0.1111111
 0.1111111 0.1111111 0.        0.1111111 0.        0.1111111]",1.0973637243030574,1.1085086394216965,0.1111111044883728,0.1111111044883728,0.1111111044883728,0.1111111044883728,0.0,0.1111111044883728,0.1111111044883728,0.1111111044883728,0.0,0.1111111044883728,0.0,0.1111111044883728,0.0
301,2015-04-27,"[0.         0.14285715 0.         0.14285715 0.         0.
 0.14285715 0.14285715 0.         0.14285715 0.14285715 0.
 0.14285715]",1.090370407644476,1.1065291231507792,0.1428571492433548,0.0,0.1428571492433548,0.0,0.0,0.1428571492433548,0.1428571492433548,0.0,0.1428571492433548,0.1428571492433548,0.0,0.1428571492433548,0.0
302,2015-04-28,[0.  0.2 0.  0.  0.2 0.  0.  0.2 0.2 0.  0.  0.  0.2],1.087404428045128,1.1034477049530294,0.20000000298023224,0.0,0.0,0.20000000298023224,0.0,0.0,0.20000000298023224,0.20000000298023224,0.0,0.0,0.0,0.20000000298023224,0.0
303,2015-04-29,"[0.    0.125 0.    0.125 0.125 0.125 0.    0.    0.125 0.125 0.    0.125
 0.125]",1.081680445463727,1.0977929295238642,0.125,0.0,0.125,0.125,0.125,0.0,0.0,0.125,0.125,0.0,0.125,0.125,0.0
304,2015-04-30,[0.   0.   0.   0.25 0.   0.   0.   0.   0.25 0.25 0.25 0.   0.  ],1.0749555883992337,1.092693339399757,0.0,0.0,0.25,0.0,0.0,0.0,0.0,0.25,0.25,0.25,0.0,0.0,0.0
305,2015-05-01,"[0.         0.         0.14285715 0.14285715 0.         0.
 0.         0.         0.14285715 0.14285715 0.14285715 0.14285715
 0.14285715]",1.074150867183074,1.0920972048923818,0.0,0.1428571492433548,0.1428571492433548,0.0,0.0,0.0,0.0,0.1428571492433548,0.1428571492433548,0.1428571492433548,0.1428571492433548,0.1428571492433548,0.0
306,2015-05-04,"[0.         0.         0.16666666 0.16666666 0.16666666 0.16666666
 0.16666666 0.16666666 0.         0.         0.         0.
 0.        ]",1.0685396944392351,1.0866827393356255,0.0,0.1666666567325592,0.1666666567325592,0.1666666567325592,0.1666666567325592,0.1666666567325592,0.1666666567325592,0.0,0.0,0.0,0.0,0.0,0.0
307,2015-05-05,[0.   0.25 0.   0.   0.   0.   0.25 0.   0.25 0.   0.   0.25 0.  ],1.069358472382181,1.090616351266276,0.25,0.0,0.0,0.0,0.0,0.25,0.0,0.25,0.0,0.0,0.25,0.0,0.0
308,2015-05-06,"[0.    0.125 0.125 0.125 0.125 0.    0.125 0.125 0.    0.125 0.    0.125
 0.   ]",1.0701121681687327,1.0927326725614288,0.125,0.125,0.125,0.125,0.0,0.125,0.125,0.0,0.125,0.0,0.125,0.0,0.0
309,2015-05-07,[0.   0.   0.   0.25 0.25 0.25 0.   0.25 0.   0.   0.   0.   0.  ],1.0744497266780302,1.0926538662643974,0.0,0.0,0.25,0.25,0.25,0.0,0.25,0.0,0.0,0.0,0.0,0.0,0.0
310,2015-05-08,"[0.         0.16666666 0.16666666 0.         0.         0.16666666
 0.16666666 0.         0.         0.16666666 0.         0.16666666
 0.        ]",1.0738995765060175,1.0905860593367493,0.1666666567325592,0.1666666567325592,0.0,0.0,0.1666666567325592,0.1666666567325592,0.0,0.0,0.1666666567325592,0.0,0.1666666567325592,0.0,0.0
311,2015-05-11,"[0.         0.         0.16666666 0.16666666 0.         0.16666666
 0.16666666 0.16666666 0.         0.         0.16666666 0.
 0.        ]",1.0932586575128342,1.104718996680771,0.0,0.1666666567325592,0.1666666567325592,0.0,0.1666666567325592,0.1666666567325592,0.1666666567325592,0.0,0.0,0.1666666567325592,0.0,0.0,0.0
312,2015-05-12,[0.  0.  0.2 0.  0.  0.  0.  0.2 0.2 0.2 0.2 0.  0. ],1.096963547267413,1.1040538701083507,0.0,0.20000000298023224,0.0,0.0,0.0,0.0,0.20000000298023224,0.20000000298023224,0.20000000298023224,0.20000000298023224,0.0,0.0,0.0
313,2015-05-13,"[0.         0.         0.16666666 0.         0.16666666 0.
 0.         0.         0.16666666 0.16666666 0.         0.16666666
 0.16666666]",1.094399323708912,1.1021530292530017,0.0,0.1666666567325592,0.0,0.1666666567325592,0.0,0.0,0.0,0.1666666567325592,0.1666666567325592,0.0,0.1666666567325592,0.1666666567325592,0.0
314,2015-05-14,"[0.         0.         0.14285715 0.14285715 0.14285715 0.14285715
 0.         0.         0.14285715 0.         0.14285715 0.14285715
 0.        ]",1.0973952155422055,1.1031760073906867,0.0,0.1428571492433548,0.1428571492433548,0.1428571492433548,0.1428571492433548,0.0,0.0,0.1428571492433548,0.0,0.1428571492433548,0.1428571492433548,0.0,0.0
315,2015-05-15,"[0.    0.125 0.125 0.125 0.125 0.125 0.    0.125 0.125 0.    0.    0.
 0.125]",1.1003648545576845,1.1082905379665389,0.125,0.125,0.125,0.125,0.125,0.0,0.125,0.125,0.0,0.0,0.0,0.125,0.0
316,2015-05-18,"[0.        0.        0.1111111 0.1111111 0.1111111 0.1111111 0.
 0.1111111 0.1111111 0.1111111 0.        0.1111111 0.1111111]",1.1143751262028552,1.119238451468751,0.0,0.1111111044883728,0.1111111044883728,0.1111111044883728,0.1111111044883728,0.0,0.1111111044883728,0.1111111044883728,0.1111111044883728,0.0,0.1111111044883728,0.1111111044883728,0.0
317,2015-05-19,"[0.         0.16666666 0.16666666 0.         0.         0.16666666
 0.         0.16666666 0.         0.         0.16666666 0.16666666
 0.        ]",1.1079869856922069,1.1158889187838086,0.1666666567325592,0.1666666567325592,0.0,0.0,0.1666666567325592,0.0,0.1666666567325592,0.0,0.0,0.1666666567325592,0.1666666567325592,0.0,0.0
318,2015-05-20,"[0.         0.16666666 0.16666666 0.         0.         0.
 0.         0.16666666 0.16666666 0.         0.         0.16666666
 0.16666666]",1.1217273614186758,1.1293788286613986,0.1666666567325592,0.1666666567325592,0.0,0.0,0.0,0.0,0.1666666567325592,0.1666666567325592,0.0,0.0,0.1666666567325592,0.1666666567325592,0.0
319,2015-05-21,"[0.         0.         0.16666666 0.16666666 0.         0.
 0.16666666 0.         0.         0.16666666 0.16666666 0.
 0.16666666]",1.1192787779111688,1.1290023852878037,0.0,0.1666666567325592,0.1666666567325592,0.0,0.0,0.1666666567325592,0.0,0.0,0.1666666567325592,0.1666666567325592,0.0,0.1666666567325592,0.0
320,2015-05-22,"[0.         0.         0.16666666 0.         0.         0.
 0.16666666 0.         0.         0.16666666 0.16666666 0.16666666
 0.16666666]",1.1166215112088544,1.1245169699601603,0.0,0.1666666567325592,0.0,0.0,0.0,0.1666666567325592,0.0,0.0,0.1666666567325592,0.1666666567325592,0.1666666567325592,0.1666666567325592,0.0
321,2015-05-26,[0.  0.  0.  0.  0.2 0.2 0.2 0.  0.2 0.  0.  0.2 0. ],1.1184400077773176,1.1242614672162368,0.0,0.0,0.0,0.20000000298023224,0.20000000298023224,0.20000000298023224,0.0,0.20000000298023224,0.0,0.0,0.20000000298023224,0.0,0.0
322,2015-05-27,"[0.         0.         0.16666666 0.         0.16666666 0.16666666
 0.         0.         0.16666666 0.16666666 0.         0.16666666
 0.        ]",1.1035947769630923,1.1162635116562796,0.0,0.1666666567325592,0.0,0.1666666567325592,0.1666666567325592,0.0,0.0,0.1666666567325592,0.1666666567325592,0.0,0.1666666567325592,0.0,0.0
323,2015-05-28,"[0.        0.1111111 0.1111111 0.1111111 0.1111111 0.1111111 0.
 0.1111111 0.        0.1111111 0.1111111 0.        0.1111111]",1.1049298592575025,1.1147566010229246,0.1111111044883728,0.1111111044883728,0.1111111044883728,0.1111111044883728,0.1111111044883728,0.0,0.1111111044883728,0.0,0.1111111044883728,0.1111111044883728,0.0,0.1111111044883728,0.0
324,2015-05-29,"[0.         0.16666666 0.16666666 0.         0.16666666 0.
 0.         0.         0.16666666 0.         0.16666666 0.16666666
 0.        ]",1.116466921476756,1.1239147203964348,0.1666666567325592,0.1666666567325592,0.0,0.1666666567325592,0.0,0.0,0.0,0.1666666567325592,0.0,0.1666666567325592,0.1666666567325592,0.0,0.0
325,2015-06-01,"[0.        0.        0.        0.3333333 0.        0.        0.
 0.        0.        0.3333333 0.        0.3333333 0.       ]",1.1171306728852384,1.1277003888733041,0.0,0.0,0.3333333134651184,0.0,0.0,0.0,0.0,0.0,0.3333333134651184,0.0,0.3333333134651184,0.0,0.0
326,2015-06-02,[0.   0.   0.25 0.25 0.   0.25 0.   0.   0.   0.   0.   0.   0.25],1.1240328497692331,1.1254785951692836,0.0,0.25,0.25,0.0,0.25,0.0,0.0,0.0,0.0,0.0,0.0,0.25,0.0
327,2015-06-03,"[0.         0.16666666 0.         0.         0.16666666 0.16666666
 0.         0.16666666 0.         0.16666666 0.         0.16666666
 0.        ]",1.1169915813394928,1.1174214867946461,0.1666666567325592,0.0,0.0,0.1666666567325592,0.1666666567325592,0.0,0.1666666567325592,0.0,0.1666666567325592,0.0,0.1666666567325592,0.0,0.0
328,2015-06-04,[0.   0.   0.   0.   0.   0.25 0.   0.   0.   0.25 0.25 0.25 0.  ],1.1269934330122329,1.1223307703989496,0.0,0.0,0.0,0.0,0.25,0.0,0.0,0.0,0.25,0.25,0.25,0.0,0.0
329,2015-06-05,[0.  0.  0.  0.  0.  0.2 0.2 0.2 0.  0.2 0.2 0.  0. ],1.1084805968947287,1.1174995805760943,0.0,0.0,0.0,0.0,0.20000000298023224,0.20000000298023224,0.20000000298023224,0.0,0.20000000298023224,0.20000000298023224,0.0,0.0,0.0
330,2015-06-08,"[0.    0.125 0.125 0.    0.125 0.125 0.125 0.    0.125 0.125 0.    0.
 0.125]",1.104541276090819,1.1200092932281818,0.125,0.125,0.0,0.125,0.125,0.125,0.0,0.125,0.125,0.0,0.0,0.125,0.0
331,2015-06-09,[0.  0.  0.  0.  0.  0.  0.  0.  0.  0.5 0.  0.  0.5],1.1062868135130106,1.125151544892074,0.0,0.0,0.0,0.0,0.0,0.0,0.0,0.0,0.5,0.0,0.0,0.5,0.0
332,2015-06-10,"[0.         0.         0.14285715 0.         0.14285715 0.
 0.14285715 0.14285715 0.14285715 0.14285715 0.         0.14285715
 0.        ]",1.0898532292553134,1.1154258438032154,0.0,0.1428571492433548,0.0,0.1428571492433548,0.0,0.1428571492433548,0.1428571492433548,0.1428571492433548,0.1428571492433548,0.0,0.1428571492433548,0.0,0.0
333,2015-06-11,"[0.        0.1111111 0.1111111 0.        0.1111111 0.        0.1111111
 0.1111111 0.        0.1111111 0.1111111 0.1111111 0.1111111]",1.0961236918619128,1.1230033984875945,0.1111111044883728,0.1111111044883728,0.0,0.1111111044883728,0.0,0.1111111044883728,0.1111111044883728,0.0,0.1111111044883728,0.1111111044883728,0.1111111044883728,0.1111111044883728,0.0
334,2015-06-12,"[0.         0.         0.         0.16666666 0.16666666 0.16666666
 0.16666666 0.         0.         0.16666666 0.         0.16666666
 0.        ]",1.1091393861339616,1.135309289947088,0.0,0.0,0.1666666567325592,0.1666666567325592,0.1666666567325592,0.1666666567325592,0.0,0.0,0.1666666567325592,0.0,0.1666666567325592,0.0,0.0
335,2015-06-15,"[0.        0.        0.        0.3333333 0.        0.3333333 0.
 0.        0.        0.        0.        0.3333333 0.       ]",1.107827238264597,1.1339665510564467,0.0,0.0,0.3333333134651184,0.0,0.3333333134651184,0.0,0.0,0.0,0.0,0.0,0.3333333134651184,0.0,0.0
336,2015-06-16,"[0.         0.         0.16666666 0.         0.         0.16666666
 0.         0.         0.         0.16666666 0.16666666 0.16666666
 0.16666666]",1.1010262218366065,1.1232454026434402,0.0,0.1666666567325592,0.0,0.0,0.1666666567325592,0.0,0.0,0.0,0.1666666567325592,0.1666666567325592,0.1666666567325592,0.1666666567325592,0.0
337,2015-06-17,"[0.         0.         0.14285715 0.         0.         0.14285715
 0.         0.14285715 0.14285715 0.14285715 0.         0.14285715
 0.14285715]",1.102688308559098,1.124307971184112,0.0,0.1428571492433548,0.0,0.0,0.1428571492433548,0.0,0.1428571492433548,0.1428571492433548,0.1428571492433548,0.0,0.1428571492433548,0.1428571492433548,0.0
338,2015-06-18,[0.  0.  0.  0.2 0.  0.2 0.  0.  0.2 0.  0.2 0.  0.2],1.1108923914747602,1.134339510403027,0.0,0.0,0.20000000298023224,0.0,0.20000000298023224,0.0,0.0,0.20000000298023224,0.0,0.20000000298023224,0.0,0.20000000298023224,0.0
339,2015-06-19,"[0.         0.         0.14285715 0.14285715 0.         0.
 0.14285715 0.         0.14285715 0.14285715 0.14285715 0.14285715
 0.        ]",1.1127802567206226,1.136206744675701,0.0,0.1428571492433548,0.1428571492433548,0.0,0.0,0.1428571492433548,0.0,0.1428571492433548,0.1428571492433548,0.1428571492433548,0.1428571492433548,0.0,0.0
340,2015-06-22,[0.  0.  0.  0.  0.  0.2 0.  0.2 0.2 0.2 0.  0.2 0. ],1.1180191052618789,1.1435820000338541,0.0,0.0,0.0,0.0,0.20000000298023224,0.0,0.20000000298023224,0.20000000298023224,0.20000000298023224,0.0,0.20000000298023224,0.0,0.0
341,2015-06-23,"[0.         0.16666666 0.16666666 0.16666666 0.16666666 0.
 0.16666666 0.16666666 0.         0.         0.         0.
 0.        ]",1.1177264542122383,1.1489068502898963,0.1666666567325592,0.1666666567325592,0.1666666567325592,0.1666666567325592,0.0,0.1666666567325592,0.1666666567325592,0.0,0.0,0.0,0.0,0.0,0.0
342,2015-06-24,"[0.         0.         0.         0.16666666 0.16666666 0.
 0.16666666 0.16666666 0.         0.         0.16666666 0.
 0.16666666]",1.1224669191142702,1.154187605805551,0.0,0.0,0.1666666567325592,0.1666666567325592,0.0,0.1666666567325592,0.1666666567325592,0.0,0.0,0.1666666567325592,0.0,0.1666666567325592,0.0
343,2015-06-25,"[0.         0.         0.16666666 0.16666666 0.         0.16666666
 0.         0.         0.         0.16666666 0.16666666 0.16666666
 0.        ]",1.114863744212024,1.1497252713808956,0.0,0.1666666567325592,0.1666666567325592,0.0,0.1666666567325592,0.0,0.0,0.0,0.1666666567325592,0.1666666567325592,0.1666666567325592,0.0,0.0
344,2015-06-26,"[0.        0.3333333 0.        0.        0.        0.        0.3333333
 0.        0.        0.        0.        0.3333333 0.       ]",1.1117584585916431,1.148567400831793,0.3333333134651184,0.0,0.0,0.0,0.0,0.3333333134651184,0.0,0.0,0.0,0.0,0.3333333134651184,0.0,0.0
345,2015-06-29,[0.  0.  0.2 0.  0.2 0.  0.  0.  0.  0.  0.2 0.2 0.2],1.1101249562649702,1.1435847400401222,0.0,0.20000000298023224,0.0,0.20000000298023224,0.0,0.0,0.0,0.0,0.0,0.20000000298023224,0.20000000298023224,0.20000000298023224,0.0
346,2015-06-30,"[0.    0.125 0.    0.    0.125 0.125 0.    0.125 0.125 0.    0.125 0.125
 0.125]",1.0882782356754455,1.1288656107309862,0.125,0.0,0.0,0.125,0.125,0.0,0.125,0.125,0.0,0.125,0.125,0.125,0.0
347,2015-07-01,"[0.         0.14285715 0.14285715 0.14285715 0.14285715 0.14285715
 0.         0.14285715 0.         0.         0.         0.
 0.14285715]",1.0827339180004913,1.1248127499548757,0.1428571492433548,0.1428571492433548,0.1428571492433548,0.1428571492433548,0.1428571492433548,0.0,0.1428571492433548,0.0,0.0,0.0,0.0,0.1428571492433548,0.0
348,2015-07-02,"[0.         0.14285715 0.14285715 0.         0.         0.14285715
 0.14285715 0.14285715 0.14285715 0.14285715 0.         0.
 0.        ]",1.0830005753678642,1.1250163104048003,0.1428571492433548,0.1428571492433548,0.0,0.0,0.1428571492433548,0.1428571492433548,0.1428571492433548,0.1428571492433548,0.1428571492433548,0.0,0.0,0.0,0.0
349,2015-07-06,"[0.        0.1111111 0.        0.1111111 0.        0.        0.1111111
 0.1111111 0.1111111 0.1111111 0.1111111 0.1111111 0.1111111]",1.0856936977970701,1.1250369139065146,0.1111111044883728,0.0,0.1111111044883728,0.0,0.0,0.1111111044883728,0.1111111044883728,0.1111111044883728,0.1111111044883728,0.1111111044883728,0.1111111044883728,0.1111111044883728,0.0
350,2015-07-07,[0.  0.  0.  0.  0.2 0.2 0.  0.  0.2 0.  0.2 0.  0.2],1.0711784825328228,1.109191659448667,0.0,0.0,0.0,0.20000000298023224,0.20000000298023224,0.0,0.0,0.20000000298023224,0.0,0.20000000298023224,0.0,0.20000000298023224,0.0
351,2015-07-08,[0.  0.2 0.  0.  0.  0.  0.  0.  0.2 0.2 0.  0.2 0.2],1.0728052088514357,1.114388907346407,0.20000000298023224,0.0,0.0,0.0,0.0,0.0,0.0,0.20000000298023224,0.20000000298023224,0.0,0.20000000298023224,0.20000000298023224,0.0
352,2015-07-09,"[0.         0.14285715 0.14285715 0.14285715 0.         0.14285715
 0.         0.         0.14285715 0.         0.14285715 0.14285715
 0.        ]",1.0539380523881143,1.1004204491448473,0.1428571492433548,0.1428571492433548,0.1428571492433548,0.0,0.1428571492433548,0.0,0.0,0.1428571492433548,0.0,0.1428571492433548,0.1428571492433548,0.0,0.0
353,2015-07-10,"[0.         0.14285715 0.14285715 0.         0.14285715 0.14285715
 0.         0.         0.         0.14285715 0.         0.14285715
 0.14285715]",1.0615987677120522,1.1086656943136852,0.1428571492433548,0.1428571492433548,0.0,0.1428571492433548,0.1428571492433548,0.0,0.0,0.0,0.1428571492433548,0.0,0.1428571492433548,0.1428571492433548,0.0
354,2015-07-13,"[0.         0.         0.16666666 0.         0.16666666 0.
 0.         0.         0.         0.16666666 0.16666666 0.16666666
 0.16666666]",1.0581115217916874,1.1053658770749475,0.0,0.1666666567325592,0.0,0.1666666567325592,0.0,0.0,0.0,0.0,0.1666666567325592,0.1666666567325592,0.1666666567325592,0.1666666567325592,0.0
355,2015-07-14,[0.   0.   0.25 0.   0.   0.   0.   0.   0.25 0.25 0.   0.   0.25],1.0699743668601538,1.1150526572916044,0.0,0.25,0.0,0.0,0.0,0.0,0.0,0.25,0.25,0.0,0.0,0.25,0.0
356,2015-07-15,[0.   0.   0.   0.25 0.25 0.   0.   0.25 0.   0.   0.25 0.   0.  ],1.0736829574381876,1.1177721772942188,0.0,0.0,0.25,0.25,0.0,0.0,0.25,0.0,0.0,0.25,0.0,0.0,0.0
357,2015-07-16,"[0.    0.125 0.125 0.125 0.125 0.    0.    0.125 0.125 0.125 0.    0.
 0.125]",1.0780927490242385,1.1239252918322482,0.125,0.125,0.125,0.125,0.0,0.0,0.125,0.125,0.125,0.0,0.0,0.125,0.0
358,2015-07-17,"[0.        0.        0.        0.        0.3333333 0.        0.
 0.        0.        0.        0.3333333 0.3333333 0.       ]",1.0854331890653461,1.1274815400735936,0.0,0.0,0.0,0.3333333134651184,0.0,0.0,0.0,0.0,0.0,0.3333333134651184,0.3333333134651184,0.0,0.0
359,2015-07-20,"[0.        0.1111111 0.1111111 0.1111111 0.1111111 0.1111111 0.
 0.        0.1111111 0.1111111 0.1111111 0.1111111 0.       ]",1.0808721571198396,1.123316779725719,0.1111111044883728,0.1111111044883728,0.1111111044883728,0.1111111044883728,0.1111111044883728,0.0,0.0,0.1111111044883728,0.1111111044883728,0.1111111044883728,0.1111111044883728,0.0,0.0
360,2015-07-21,[0.  0.  0.  0.  0.  0.  0.  0.2 0.2 0.2 0.2 0.2 0. ],1.0825610013281013,1.1239479182481191,0.0,0.0,0.0,0.0,0.0,0.0,0.20000000298023224,0.20000000298023224,0.20000000298023224,0.20000000298023224,0.20000000298023224,0.0,0.0
361,2015-07-22,"[0.         0.         0.         0.         0.14285715 0.14285715
 0.14285715 0.14285715 0.14285715 0.         0.14285715 0.
 0.14285715]",1.065023114447506,1.1152182034454134,0.0,0.0,0.0,0.1428571492433548,0.1428571492433548,0.1428571492433548,0.1428571492433548,0.1428571492433548,0.0,0.1428571492433548,0.0,0.1428571492433548,0.0
362,2015-07-23,[0.   0.   0.25 0.   0.25 0.25 0.   0.   0.   0.25 0.   0.   0.  ],1.049445079451243,1.1063072592003023,0.0,0.25,0.0,0.25,0.25,0.0,0.0,0.0,0.25,0.0,0.0,0.0,0.0
363,2015-07-24,"[0.         0.16666666 0.         0.         0.         0.16666666
 0.16666666 0.         0.16666666 0.16666666 0.         0.16666666
 0.        ]",1.059570085721021,1.1157051492307009,0.1666666567325592,0.0,0.0,0.0,0.1666666567325592,0.1666666567325592,0.0,0.1666666567325592,0.1666666567325592,0.0,0.1666666567325592,0.0,0.0
364,2015-07-27,[0.  0.  0.  0.  0.  0.  0.  0.5 0.  0.5 0.  0.  0. ],1.0481325687394425,1.1148430168706314,0.0,0.0,0.0,0.0,0.0,0.0,0.5,0.0,0.5,0.0,0.0,0.0,0.0
365,2015-07-28,"[0.    0.125 0.125 0.125 0.125 0.    0.125 0.125 0.    0.125 0.    0.125
 0.   ]",1.0375185560604678,1.0956794538457695,0.125,0.125,0.125,0.125,0.0,0.125,0.125,0.0,0.125,0.0,0.125,0.0,0.0
366,2015-07-29,"[0.        0.1111111 0.1111111 0.1111111 0.1111111 0.1111111 0.
 0.        0.1111111 0.1111111 0.1111111 0.        0.1111111]",1.042288934495883,1.1010152108915012,0.1111111044883728,0.1111111044883728,0.1111111044883728,0.1111111044883728,0.1111111044883728,0.0,0.0,0.1111111044883728,0.1111111044883728,0.1111111044883728,0.0,0.1111111044883728,0.0
367,2015-07-30,"[0.        0.        0.3333333 0.        0.        0.        0.
 0.3333333 0.        0.3333333 0.        0.        0.       ]",1.0482403675857495,1.1061095963254486,0.0,0.3333333134651184,0.0,0.0,0.0,0.0,0.3333333134651184,0.0,0.3333333134651184,0.0,0.0,0.0,0.0
368,2015-07-31,"[0.         0.14285715 0.         0.14285715 0.14285715 0.14285715
 0.         0.         0.14285715 0.         0.14285715 0.14285715
 0.        ]",1.052964939456112,1.1077899386044072,0.1428571492433548,0.0,0.1428571492433548,0.1428571492433548,0.1428571492433548,0.0,0.0,0.1428571492433548,0.0,0.1428571492433548,0.1428571492433548,0.0,0.0
369,2015-08-03,"[0.         0.         0.14285715 0.         0.14285715 0.
 0.14285715 0.14285715 0.         0.         0.14285715 0.14285715
 0.14285715]",1.060546780277178,1.1126372681852286,0.0,0.1428571492433548,0.0,0.1428571492433548,0.0,0.1428571492433548,0.1428571492433548,0.0,0.0,0.1428571492433548,0.1428571492433548,0.1428571492433548,0.0
370,2015-08-04,[0.   0.25 0.   0.   0.25 0.25 0.   0.   0.   0.   0.   0.   0.25],1.0557641870241046,1.111624036615476,0.25,0.0,0.0,0.25,0.25,0.0,0.0,0.0,0.0,0.0,0.0,0.25,0.0
371,2015-08-05,[0.   0.25 0.   0.   0.   0.   0.   0.   0.25 0.25 0.25 0.   0.  ],1.0515814141160356,1.1061096965700496,0.25,0.0,0.0,0.0,0.0,0.0,0.0,0.25,0.25,0.25,0.0,0.0,0.0
372,2015-08-06,"[0.    0.125 0.    0.125 0.    0.125 0.125 0.125 0.125 0.    0.    0.125
 0.125]",1.0573255627579154,1.117521520499417,0.125,0.0,0.125,0.0,0.125,0.125,0.125,0.125,0.0,0.0,0.125,0.125,0.0
373,2015-08-07,[0.  0.2 0.  0.  0.2 0.  0.  0.2 0.  0.  0.2 0.  0.2],1.0502329882156327,1.1144236614836884,0.20000000298023224,0.0,0.0,0.20000000298023224,0.0,0.0,0.20000000298023224,0.0,0.0,0.20000000298023224,0.0,0.20000000298023224,0.0
374,2015-08-10,"[0.    0.125 0.125 0.125 0.125 0.125 0.    0.    0.125 0.    0.125 0.125
 0.   ]",1.039878945805521,1.0998712513070288,0.125,0.125,0.125,0.125,0.125,0.0,0.0,0.125,0.0,0.125,0.125,0.0,0.0
375,2015-08-11,"[0.         0.16666666 0.16666666 0.         0.16666666 0.16666666
 0.         0.         0.         0.16666666 0.         0.
 0.16666666]",1.0439547654896544,1.1051801478453518,0.1666666567325592,0.1666666567325592,0.0,0.1666666567325592,0.1666666567325592,0.0,0.0,0.0,0.1666666567325592,0.0,0.0,0.1666666567325592,0.0
376,2015-08-12,"[0.         0.14285715 0.14285715 0.         0.         0.14285715
 0.14285715 0.         0.14285715 0.         0.         0.14285715
 0.14285715]",1.0461242971243674,1.1029786897051719,0.1428571492433548,0.1428571492433548,0.0,0.0,0.1428571492433548,0.1428571492433548,0.0,0.1428571492433548,0.0,0.0,0.1428571492433548,0.1428571492433548,0.0
377,2015-08-13,"[0.        0.        0.        0.        0.3333333 0.        0.3333333
 0.3333333 0.        0.        0.        0.        0.       ]",1.0245610957596942,1.0844386804437072,0.0,0.0,0.0,0.3333333134651184,0.0,0.3333333134651184,0.3333333134651184,0.0,0.0,0.0,0.0,0.0,0.0
378,2015-08-14,"[0.        0.3333333 0.        0.        0.        0.        0.3333333
 0.        0.        0.        0.3333333 0.        0.       ]",1.0177909490055057,1.0961100142998539,0.3333333134651184,0.0,0.0,0.0,0.0,0.3333333134651184,0.0,0.0,0.0,0.3333333134651184,0.0,0.0,0.0
379,2015-08-17,"[0.         0.14285715 0.         0.         0.14285715 0.14285715
 0.         0.14285715 0.         0.         0.14285715 0.14285715
 0.14285715]",1.0123835735447066,1.0882575395075345,0.1428571492433548,0.0,0.0,0.1428571492433548,0.1428571492433548,0.0,0.1428571492433548,0.0,0.0,0.1428571492433548,0.1428571492433548,0.1428571492433548,0.0
380,2015-08-18,[0.  0.  0.  0.2 0.2 0.2 0.2 0.  0.2 0.  0.  0.  0. ],1.0136959301820647,1.0909665218296334,0.0,0.0,0.20000000298023224,0.20000000298023224,0.20000000298023224,0.20000000298023224,0.0,0.20000000298023224,0.0,0.0,0.0,0.0,0.0
381,2015-08-19,"[0.         0.14285715 0.14285715 0.14285715 0.         0.14285715
 0.         0.         0.         0.14285715 0.14285715 0.
 0.14285715]",1.0205917043367276,1.1006160335477564,0.1428571492433548,0.1428571492433548,0.1428571492433548,0.0,0.1428571492433548,0.0,0.0,0.0,0.1428571492433548,0.1428571492433548,0.0,0.1428571492433548,0.0
382,2015-08-20,"[0.         0.         0.         0.16666666 0.         0.16666666
 0.16666666 0.         0.16666666 0.16666666 0.         0.
 0.16666666]",1.013321691159791,1.095342823203552,0.0,0.0,0.1666666567325592,0.0,0.1666666567325592,0.1666666567325592,0.0,0.1666666567325592,0.1666666567325592,0.0,0.0,0.1666666567325592,0.0
383,2015-08-21,[0.  0.2 0.  0.2 0.  0.2 0.  0.  0.  0.  0.2 0.  0.2],1.0037449813090602,1.0836521662355458,0.20000000298023224,0.0,0.20000000298023224,0.0,0.20000000298023224,0.0,0.0,0.0,0.0,0.20000000298023224,0.0,0.20000000298023224,0.0
384,2015-08-24,"[0.    0.125 0.125 0.125 0.    0.125 0.125 0.    0.125 0.125 0.    0.125
 0.   ]",0.9797350999726283,1.0587524584338828,0.125,0.125,0.125,0.0,0.125,0.125,0.0,0.125,0.125,0.0,0.125,0.0,0.0
385,2015-08-25,[0.   0.25 0.   0.25 0.   0.   0.   0.   0.25 0.   0.   0.25 0.  ],0.9181656950835803,0.9988135088726172,0.25,0.0,0.25,0.0,0.0,0.0,0.0,0.25,0.0,0.0,0.25,0.0,0.0
386,2015-08-26,"[0.         0.16666666 0.         0.16666666 0.16666666 0.
 0.16666666 0.16666666 0.         0.         0.16666666 0.
 0.        ]",0.964752571063852,1.0425775263678803,0.1666666567325592,0.0,0.1666666567325592,0.1666666567325592,0.0,0.1666666567325592,0.1666666567325592,0.0,0.0,0.1666666567325592,0.0,0.0,0.0
387,2015-08-27,"[0.        0.1111111 0.1111111 0.1111111 0.        0.1111111 0.
 0.        0.1111111 0.1111111 0.1111111 0.1111111 0.1111111]",0.9430609809100404,1.019896530977755,0.1111111044883728,0.1111111044883728,0.1111111044883728,0.0,0.1111111044883728,0.0,0.0,0.1111111044883728,0.1111111044883728,0.1111111044883728,0.1111111044883728,0.1111111044883728,0.0
388,2015-08-28,"[0.         0.14285715 0.14285715 0.14285715 0.         0.14285715
 0.         0.14285715 0.         0.14285715 0.         0.
 0.14285715]",0.970362018977743,1.0478919388364532,0.1428571492433548,0.1428571492433548,0.1428571492433548,0.0,0.1428571492433548,0.0,0.1428571492433548,0.0,0.1428571492433548,0.0,0.0,0.1428571492433548,0.0
389,2015-08-31,[0.  0.  0.  0.2 0.2 0.  0.2 0.  0.2 0.  0.  0.2 0. ],0.9719324086555835,1.0476896643311833,0.0,0.0,0.20000000298023224,0.20000000298023224,0.0,0.20000000298023224,0.0,0.20000000298023224,0.0,0.0,0.20000000298023224,0.0,0.0
390,2015-09-01,"[0.    0.125 0.125 0.125 0.    0.    0.    0.125 0.125 0.125 0.    0.125
 0.125]",0.9930304033170814,1.0596860901159657,0.125,0.125,0.125,0.0,0.0,0.0,0.125,0.125,0.125,0.0,0.125,0.125,0.0
391,2015-09-02,"[0.         0.16666666 0.16666666 0.16666666 0.16666666 0.
 0.16666666 0.         0.         0.16666666 0.         0.
 0.        ]",0.9733991453356508,1.0384628035497578,0.1666666567325592,0.1666666567325592,0.1666666567325592,0.1666666567325592,0.0,0.1666666567325592,0.0,0.0,0.1666666567325592,0.0,0.0,0.0,0.0
392,2015-09-03,"[0.         0.         0.14285715 0.         0.14285715 0.14285715
 0.14285715 0.         0.14285715 0.14285715 0.         0.14285715
 0.        ]",0.9724374444459609,1.0385410554900654,0.0,0.1428571492433548,0.0,0.1428571492433548,0.1428571492433548,0.1428571492433548,0.0,0.1428571492433548,0.1428571492433548,0.0,0.1428571492433548,0.0,0.0
393,2015-09-04,[0.  0.5 0.  0.  0.  0.  0.  0.  0.5 0.  0.  0.  0. ],0.9829904583780463,1.045977135144424,0.5,0.0,0.0,0.0,0.0,0.0,0.0,0.5,0.0,0.0,0.0,0.0,0.0
394,2015-09-08,"[0.         0.14285715 0.         0.14285715 0.         0.
 0.14285715 0.14285715 0.         0.14285715 0.         0.14285715
 0.14285715]",0.9561043812969096,1.0295282298136925,0.1428571492433548,0.0,0.1428571492433548,0.0,0.0,0.1428571492433548,0.1428571492433548,0.0,0.1428571492433548,0.0,0.1428571492433548,0.1428571492433548,0.0
395,2015-09-09,"[0.        0.1111111 0.1111111 0.        0.1111111 0.1111111 0.1111111
 0.        0.        0.1111111 0.1111111 0.1111111 0.1111111]",0.9708649750611383,1.0432125775374759,0.1111111044883728,0.1111111044883728,0.0,0.1111111044883728,0.1111111044883728,0.1111111044883728,0.0,0.0,0.1111111044883728,0.1111111044883728,0.1111111044883728,0.1111111044883728,0.0
396,2015-09-10,[0.  0.5 0.  0.5 0.  0.  0.  0.  0.  0.  0.  0.  0. ],0.9970031034266945,1.0657222622717901,0.5,0.0,0.5,0.0,0.0,0.0,0.0,0.0,0.0,0.0,0.0,0.0,0.0
397,2015-09-11,"[0.         0.16666666 0.         0.16666666 0.16666666 0.
 0.16666666 0.         0.         0.         0.         0.16666666
 0.16666666]",0.9780474528238606,1.0409954613962982,0.1666666567325592,0.0,0.1666666567325592,0.1666666567325592,0.0,0.1666666567325592,0.0,0.0,0.0,0.0,0.1666666567325592,0.1666666567325592,0.0
398,2015-09-14,[0.   0.25 0.25 0.   0.   0.   0.   0.   0.   0.25 0.   0.25 0.  ],0.9814541287847746,1.0451542296879084,0.25,0.25,0.0,0.0,0.0,0.0,0.0,0.0,0.25,0.0,0.25,0.0,0.0
399,2015-09-15,[0.  0.  0.2 0.  0.  0.2 0.  0.2 0.  0.2 0.  0.2 0. ],0.9884863240544794,1.0562832133886453,0.0,0.20000000298023224,0.0,0.0,0.20000000298023224,0.0,0.20000000298023224,0.0,0.20000000298023224,0.0,0.20000000298023224,0.0,0.0
400,2015-09-16,"[0.        0.        0.3333333 0.3333333 0.        0.        0.
 0.        0.        0.        0.3333333 0.        0.       ]",0.984909628797801,1.058374152589723,0.0,0.3333333134651184,0.3333333134651184,0.0,0.0,0.0,0.0,0.0,0.0,0.3333333134651184,0.0,0.0,0.0
401,2015-09-17,[0.   0.   0.   0.25 0.   0.   0.25 0.25 0.25 0.   0.   0.   0.  ],0.9961014474954615,1.070664862366576,0.0,0.0,0.25,0.0,0.0,0.25,0.25,0.25,0.0,0.0,0.0,0.0,0.0
402,2015-09-18,[0.   0.25 0.   0.25 0.   0.   0.   0.   0.   0.   0.   0.25 0.25],1.0001502176861619,1.072402357664029,0.25,0.0,0.25,0.0,0.0,0.0,0.0,0.0,0.0,0.0,0.25,0.25,0.0
403,2015-09-21,[0.   0.   0.25 0.25 0.   0.   0.   0.25 0.25 0.   0.   0.   0.  ],0.971333945480455,1.0536844720297551,0.0,0.25,0.25,0.0,0.0,0.0,0.25,0.25,0.0,0.0,0.0,0.0,0.0
404,2015-09-22,[0.  0.  0.  0.  0.  0.  0.  0.2 0.2 0.2 0.2 0.2 0. ],0.9803107452151961,1.0590496534839229,0.0,0.0,0.0,0.0,0.0,0.0,0.20000000298023224,0.20000000298023224,0.20000000298023224,0.20000000298023224,0.20000000298023224,0.0,0.0
405,2015-09-23,[0.  0.  0.  0.2 0.  0.2 0.2 0.  0.  0.  0.  0.2 0.2],0.9602606579255979,1.0412674808543743,0.0,0.0,0.20000000298023224,0.0,0.20000000298023224,0.20000000298023224,0.0,0.0,0.0,0.0,0.20000000298023224,0.20000000298023224,0.0
406,2015-09-24,[0.   0.   0.25 0.25 0.   0.   0.   0.25 0.   0.   0.   0.   0.25],0.9674081993936379,1.0470324705008776,0.0,0.25,0.25,0.0,0.0,0.0,0.25,0.0,0.0,0.0,0.0,0.25,0.0
407,2015-09-25,"[0.    0.125 0.125 0.125 0.125 0.    0.    0.125 0.    0.125 0.125 0.
 0.125]",0.9563833136373409,1.036358321245809,0.125,0.125,0.125,0.125,0.0,0.0,0.125,0.0,0.125,0.125,0.0,0.125,0.0
408,2015-09-28,[0.  0.2 0.  0.  0.  0.2 0.  0.  0.  0.  0.2 0.2 0.2],0.9750233491730396,1.058105164633153,0.20000000298023224,0.0,0.0,0.0,0.20000000298023224,0.0,0.0,0.0,0.0,0.20000000298023224,0.20000000298023224,0.20000000298023224,0.0
409,2015-09-29,"[0.         0.         0.         0.         0.         0.
 0.         0.16666666 0.16666666 0.16666666 0.16666666 0.16666666
 0.16666666]",0.9590009066898159,1.0401783513934233,0.0,0.0,0.0,0.0,0.0,0.0,0.1666666567325592,0.1666666567325592,0.1666666567325592,0.1666666567325592,0.1666666567325592,0.1666666567325592,0.0
410,2015-09-30,"[0.    0.    0.    0.125 0.    0.    0.125 0.125 0.125 0.125 0.125 0.125
 0.125]",0.9411076306795076,1.0263173212778562,0.0,0.0,0.125,0.0,0.0,0.125,0.125,0.125,0.125,0.125,0.125,0.125,0.0
411,2015-10-01,"[0.    0.125 0.125 0.    0.125 0.125 0.125 0.125 0.125 0.    0.    0.
 0.125]",0.9568997355672056,1.0416292006634933,0.125,0.125,0.0,0.125,0.125,0.125,0.125,0.125,0.0,0.0,0.0,0.125,0.0
412,2015-10-02,[0.   0.   0.   0.   0.   0.   0.25 0.25 0.   0.   0.25 0.25 0.  ],0.95889972345278,1.045578619402538,0.0,0.0,0.0,0.0,0.0,0.25,0.25,0.0,0.0,0.25,0.25,0.0,0.0
413,2015-10-05,"[0.         0.16666666 0.         0.         0.16666666 0.16666666
 0.16666666 0.         0.16666666 0.         0.         0.
 0.16666666]",0.9354562824197129,1.0297076780515344,0.1666666567325592,0.0,0.0,0.1666666567325592,0.1666666567325592,0.1666666567325592,0.0,0.1666666567325592,0.0,0.0,0.0,0.1666666567325592,0.0
414,2015-10-06,"[0.        0.        0.3333333 0.        0.        0.        0.
 0.        0.3333333 0.        0.        0.        0.3333333]",0.9699098131446735,1.057082772774438,0.0,0.3333333134651184,0.0,0.0,0.0,0.0,0.0,0.3333333134651184,0.0,0.0,0.0,0.3333333134651184,0.0
415,2015-10-07,"[0.        0.        0.3333333 0.        0.        0.3333333 0.
 0.        0.        0.        0.3333333 0.        0.       ]",0.9759998298059065,1.0669302295699823,0.0,0.3333333134651184,0.0,0.0,0.3333333134651184,0.0,0.0,0.0,0.0,0.3333333134651184,0.0,0.0,0.0
416,2015-10-08,"[0.    0.125 0.125 0.125 0.125 0.    0.    0.125 0.125 0.125 0.125 0.
 0.   ]",0.9825069937941145,1.0674662189521398,0.125,0.125,0.125,0.125,0.0,0.0,0.125,0.125,0.125,0.125,0.0,0.0,0.0
417,2015-10-09,"[0.         0.         0.14285715 0.         0.         0.14285715
 0.14285715 0.         0.14285715 0.14285715 0.14285715 0.14285715
 0.        ]",0.9829954609362849,1.0687627148004013,0.0,0.1428571492433548,0.0,0.0,0.1428571492433548,0.1428571492433548,0.0,0.1428571492433548,0.1428571492433548,0.1428571492433548,0.1428571492433548,0.0,0.0
418,2015-10-12,"[0.         0.16666666 0.         0.16666666 0.         0.16666666
 0.         0.16666666 0.16666666 0.         0.         0.
 0.16666666]",0.9905278451202844,1.0807098349132391,0.1666666567325592,0.0,0.1666666567325592,0.0,0.1666666567325592,0.0,0.1666666567325592,0.1666666567325592,0.0,0.0,0.0,0.1666666567325592,0.0
419,2015-10-13,"[0.        0.1111111 0.1111111 0.        0.1111111 0.1111111 0.1111111
 0.1111111 0.1111111 0.        0.        0.1111111 0.1111111]",0.9907788714650495,1.077033079747383,0.1111111044883728,0.1111111044883728,0.0,0.1111111044883728,0.1111111044883728,0.1111111044883728,0.1111111044883728,0.1111111044883728,0.0,0.0,0.1111111044883728,0.1111111044883728,0.0
420,2015-10-14,[0.   0.25 0.   0.   0.   0.   0.25 0.   0.25 0.25 0.   0.   0.  ],0.9890200707548671,1.0752219245782222,0.25,0.0,0.0,0.0,0.0,0.25,0.0,0.25,0.25,0.0,0.0,0.0,0.0
421,2015-10-15,[0. 0. 0. 0. 1. 0. 0. 0. 0. 0. 0. 0. 0.],0.9856125303864921,1.0690187198197818,0.0,0.0,0.0,1.0,0.0,0.0,0.0,0.0,0.0,0.0,0.0,0.0,0.0
422,2015-10-16,"[0.         0.         0.16666666 0.16666666 0.         0.
 0.16666666 0.16666666 0.         0.16666666 0.16666666 0.
 0.        ]",0.9590000976005627,1.0819497700157377,0.0,0.1666666567325592,0.1666666567325592,0.0,0.0,0.1666666567325592,0.1666666567325592,0.0,0.1666666567325592,0.1666666567325592,0.0,0.0,0.0
423,2015-10-19,[0.   0.25 0.25 0.   0.   0.25 0.   0.25 0.   0.   0.   0.   0.  ],0.9734953835671346,1.106076605568927,0.25,0.25,0.0,0.0,0.25,0.0,0.25,0.0,0.0,0.0,0.0,0.0,0.0
424,2015-10-20,"[0.        0.1111111 0.1111111 0.        0.1111111 0.1111111 0.1111111
 0.1111111 0.        0.1111111 0.1111111 0.        0.1111111]",0.9672537407407259,1.103328683545316,0.1111111044883728,0.1111111044883728,0.0,0.1111111044883728,0.1111111044883728,0.1111111044883728,0.1111111044883728,0.0,0.1111111044883728,0.1111111044883728,0.0,0.1111111044883728,0.0
425,2015-10-21,"[0.    0.125 0.125 0.    0.125 0.125 0.125 0.125 0.125 0.    0.    0.125
 0.   ]",0.9722633486413418,1.1092416351120755,0.125,0.125,0.0,0.125,0.125,0.125,0.125,0.125,0.0,0.0,0.125,0.0,0.0
426,2015-10-22,"[0.         0.09090909 0.09090909 0.09090909 0.09090909 0.09090909
 0.09090909 0.09090909 0.09090909 0.         0.09090909 0.09090909
 0.09090909]",0.9741502444274128,1.1133579182165816,0.09090909361839294,0.09090909361839294,0.09090909361839294,0.09090909361839294,0.09090909361839294,0.09090909361839294,0.09090909361839294,0.09090909361839294,0.0,0.09090909361839294,0.09090909361839294,0.09090909361839294,0.0
427,2015-10-23,[0.   0.   0.   0.25 0.   0.   0.25 0.25 0.25 0.   0.   0.   0.  ],0.9635372362210356,1.1031076621385654,0.0,0.0,0.25,0.0,0.0,0.25,0.25,0.25,0.0,0.0,0.0,0.0,0.0
428,2015-10-26,[0.  0.2 0.2 0.  0.  0.  0.2 0.2 0.  0.  0.  0.  0.2],0.9826971718139872,1.1159161611454116,0.20000000298023224,0.20000000298023224,0.0,0.0,0.0,0.20000000298023224,0.20000000298023224,0.0,0.0,0.0,0.0,0.20000000298023224,0.0
429,2015-10-27,[0.   0.   0.   0.25 0.   0.   0.25 0.25 0.   0.   0.25 0.   0.  ],0.9826500966899818,1.1200029355090233,0.0,0.0,0.25,0.0,0.0,0.25,0.25,0.0,0.0,0.25,0.0,0.0,0.0
430,2015-10-28,"[0.         0.         0.16666666 0.         0.16666666 0.16666666
 0.         0.         0.16666666 0.16666666 0.         0.
 0.16666666]",0.9838734996608558,1.1164720141484354,0.0,0.1666666567325592,0.0,0.1666666567325592,0.1666666567325592,0.0,0.0,0.1666666567325592,0.1666666567325592,0.0,0.0,0.1666666567325592,0.0
431,2015-10-29,[0.   0.   0.25 0.   0.   0.   0.   0.   0.   0.25 0.25 0.25 0.  ],0.9879271297823113,1.1206313665892453,0.0,0.25,0.0,0.0,0.0,0.0,0.0,0.0,0.25,0.25,0.25,0.0,0.0
432,2015-10-30,[0.   0.25 0.25 0.   0.   0.25 0.   0.25 0.   0.   0.   0.   0.  ],0.9893944341215659,1.1342902799932992,0.25,0.25,0.0,0.0,0.25,0.0,0.25,0.0,0.0,0.0,0.0,0.0,0.0
433,2015-11-02,[0.   0.   0.   0.25 0.25 0.   0.   0.   0.   0.25 0.   0.25 0.  ],0.9913288781205642,1.1298718909284586,0.0,0.0,0.25,0.25,0.0,0.0,0.0,0.0,0.25,0.0,0.25,0.0,0.0
434,2015-11-03,"[0.         0.         0.14285715 0.         0.14285715 0.
 0.         0.14285715 0.14285715 0.14285715 0.         0.14285715
 0.14285715]",0.9642029304408885,1.11543649581784,0.0,0.1428571492433548,0.0,0.1428571492433548,0.0,0.0,0.1428571492433548,0.1428571492433548,0.1428571492433548,0.0,0.1428571492433548,0.1428571492433548,0.0
435,2015-11-04,"[0.    0.125 0.125 0.    0.125 0.    0.125 0.    0.    0.125 0.125 0.125
 0.125]",0.9886722296698324,1.1337397166028078,0.125,0.125,0.0,0.125,0.0,0.125,0.0,0.0,0.125,0.125,0.125,0.125,0.0
436,2015-11-05,"[0.         0.         0.16666666 0.         0.         0.16666666
 0.16666666 0.         0.16666666 0.16666666 0.16666666 0.
 0.        ]",0.9985953760140762,1.1426788670227777,0.0,0.1666666567325592,0.0,0.0,0.1666666567325592,0.1666666567325592,0.0,0.1666666567325592,0.1666666567325592,0.1666666567325592,0.0,0.0,0.0
437,2015-11-06,[0.  0.  0.  0.2 0.2 0.2 0.2 0.  0.2 0.  0.  0.  0. ],0.9951420829433826,1.1368721739466243,0.0,0.0,0.20000000298023224,0.20000000298023224,0.20000000298023224,0.20000000298023224,0.0,0.20000000298023224,0.0,0.0,0.0,0.0,0.0
438,2015-11-09,[0.  0.2 0.2 0.  0.2 0.  0.2 0.2 0.  0.  0.  0.  0. ],0.9998814892392528,1.143295253268203,0.20000000298023224,0.20000000298023224,0.0,0.20000000298023224,0.0,0.20000000298023224,0.20000000298023224,0.0,0.0,0.0,0.0,0.0,0.0
439,2015-11-10,[0.  0.  0.  0.  0.  0.2 0.2 0.2 0.  0.  0.2 0.  0.2],1.0090381945585505,1.151791663436418,0.0,0.0,0.0,0.0,0.20000000298023224,0.20000000298023224,0.20000000298023224,0.0,0.0,0.20000000298023224,0.0,0.20000000298023224,0.0
440,2015-11-11,[0.  0.2 0.2 0.2 0.2 0.  0.  0.  0.  0.  0.  0.  0.2],1.0009414817052966,1.141459654334606,0.20000000298023224,0.20000000298023224,0.20000000298023224,0.20000000298023224,0.0,0.0,0.0,0.0,0.0,0.0,0.0,0.20000000298023224,0.0
441,2015-11-12,"[0.         0.         0.16666666 0.16666666 0.16666666 0.16666666
 0.         0.         0.         0.         0.         0.16666666
 0.16666666]",1.0089777065351835,1.1458814524594778,0.0,0.1666666567325592,0.1666666567325592,0.1666666567325592,0.1666666567325592,0.0,0.0,0.0,0.0,0.0,0.1666666567325592,0.1666666567325592,0.0
442,2015-11-13,[0.   0.   0.25 0.25 0.   0.   0.   0.   0.   0.25 0.   0.   0.25],0.9947274222787548,1.1298125872190892,0.0,0.25,0.25,0.0,0.0,0.0,0.0,0.0,0.25,0.0,0.0,0.25,0.0
443,2015-11-16,"[0.         0.         0.         0.14285715 0.14285715 0.
 0.         0.         0.14285715 0.14285715 0.14285715 0.14285715
 0.14285715]",0.9848836936964829,1.1135353076360643,0.0,0.0,0.1428571492433548,0.1428571492433548,0.0,0.0,0.0,0.1428571492433548,0.1428571492433548,0.1428571492433548,0.1428571492433548,0.1428571492433548,0.0
444,2015-11-17,[0.   0.   0.   0.25 0.   0.   0.   0.   0.25 0.25 0.25 0.   0.  ],0.9815992726992162,1.1117418296778374,0.0,0.0,0.25,0.0,0.0,0.0,0.0,0.25,0.25,0.25,0.0,0.0,0.0
445,2015-11-18,"[0.    0.125 0.    0.125 0.125 0.125 0.125 0.    0.125 0.125 0.    0.125
 0.   ]",0.9908491087309154,1.1214150368492048,0.125,0.0,0.125,0.125,0.125,0.125,0.0,0.125,0.125,0.0,0.125,0.0,0.0
446,2015-11-19,"[0.         0.14285715 0.14285715 0.14285715 0.14285715 0.14285715
 0.14285715 0.         0.         0.         0.         0.
 0.14285715]",0.9913480950317514,1.1241133653457676,0.1428571492433548,0.1428571492433548,0.1428571492433548,0.1428571492433548,0.1428571492433548,0.1428571492433548,0.0,0.0,0.0,0.0,0.0,0.1428571492433548,0.0
447,2015-11-20,"[0.        0.        0.1111111 0.1111111 0.1111111 0.1111111 0.1111111
 0.        0.        0.1111111 0.1111111 0.1111111 0.1111111]",1.0006165968393426,1.1374154016276132,0.0,0.1111111044883728,0.1111111044883728,0.1111111044883728,0.1111111044883728,0.1111111044883728,0.0,0.0,0.1111111044883728,0.1111111044883728,0.1111111044883728,0.1111111044883728,0.0
448,2015-11-23,"[0.         0.16666666 0.16666666 0.         0.         0.
 0.16666666 0.16666666 0.         0.         0.16666666 0.16666666
 0.        ]",1.0070325391555341,1.1438133632501055,0.1666666567325592,0.1666666567325592,0.0,0.0,0.0,0.1666666567325592,0.1666666567325592,0.0,0.0,0.1666666567325592,0.1666666567325592,0.0,0.0
449,2015-11-24,[0.  0.1 0.1 0.1 0.  0.1 0.1 0.1 0.  0.1 0.1 0.1 0.1],0.9999088001628035,1.1391438764812627,0.10000000149011612,0.10000000149011612,0.10000000149011612,0.0,0.10000000149011612,0.10000000149011612,0.10000000149011612,0.0,0.10000000149011612,0.10000000149011612,0.10000000149011612,0.10000000149011612,0.0
450,2015-11-25,"[0.        0.1111111 0.1111111 0.        0.1111111 0.1111111 0.
 0.1111111 0.        0.1111111 0.1111111 0.1111111 0.1111111]",0.9890862384215188,1.129488749283223,0.1111111044883728,0.1111111044883728,0.0,0.1111111044883728,0.1111111044883728,0.0,0.1111111044883728,0.0,0.1111111044883728,0.1111111044883728,0.1111111044883728,0.1111111044883728,0.0
451,2015-11-27,"[0.    0.125 0.125 0.    0.125 0.125 0.125 0.125 0.    0.    0.125 0.125
 0.   ]",1.0015996434637051,1.1407172949408573,0.125,0.125,0.0,0.125,0.125,0.125,0.125,0.0,0.0,0.125,0.125,0.0,0.0
452,2015-11-30,"[0.        0.        0.        0.1111111 0.1111111 0.1111111 0.1111111
 0.1111111 0.1111111 0.1111111 0.        0.1111111 0.1111111]",1.0043871382240002,1.1442312020838048,0.0,0.0,0.1111111044883728,0.1111111044883728,0.1111111044883728,0.1111111044883728,0.1111111044883728,0.1111111044883728,0.1111111044883728,0.0,0.1111111044883728,0.1111111044883728,0.0
453,2015-12-01,"[0.         0.16666666 0.16666666 0.         0.         0.16666666
 0.         0.         0.         0.         0.16666666 0.16666666
 0.16666666]",1.005990634268054,1.1466401558362795,0.1666666567325592,0.1666666567325592,0.0,0.0,0.1666666567325592,0.0,0.0,0.0,0.0,0.1666666567325592,0.1666666567325592,0.1666666567325592,0.0
454,2015-12-02,[0.  0.  0.  0.2 0.2 0.2 0.  0.  0.  0.  0.2 0.  0.2],1.005999605428865,1.1463584035914682,0.0,0.0,0.20000000298023224,0.20000000298023224,0.20000000298023224,0.0,0.0,0.0,0.0,0.20000000298023224,0.0,0.20000000298023224,0.0
455,2015-12-03,"[0.         0.16666666 0.         0.16666666 0.         0.16666666
 0.16666666 0.         0.16666666 0.         0.         0.
 0.16666666]",1.0038863352339786,1.1516134567200504,0.1666666567325592,0.0,0.1666666567325592,0.0,0.1666666567325592,0.1666666567325592,0.0,0.1666666567325592,0.0,0.0,0.0,0.1666666567325592,0.0
456,2015-12-04,[0.  0.  0.2 0.  0.2 0.2 0.  0.  0.  0.  0.  0.2 0.2],0.9952464487998897,1.141049810725454,0.0,0.20000000298023224,0.0,0.20000000298023224,0.20000000298023224,0.0,0.0,0.0,0.0,0.0,0.20000000298023224,0.20000000298023224,0.0
457,2015-12-07,"[0.         0.16666666 0.         0.         0.16666666 0.16666666
 0.16666666 0.16666666 0.         0.16666666 0.         0.
 0.        ]",0.9708106104156602,1.1214625675894054,0.1666666567325592,0.0,0.0,0.1666666567325592,0.1666666567325592,0.1666666567325592,0.1666666567325592,0.0,0.1666666567325592,0.0,0.0,0.0,0.0
458,2015-12-08,"[0.        0.        0.        0.        0.        0.        0.
 0.        0.3333333 0.3333333 0.        0.        0.3333333]",0.982166312189385,1.1380207539044633,0.0,0.0,0.0,0.0,0.0,0.0,0.0,0.3333333134651184,0.3333333134651184,0.0,0.0,0.3333333134651184,0.0
459,2015-12-09,[0.   0.   0.   0.25 0.   0.   0.25 0.   0.25 0.   0.25 0.   0.  ],0.9738636332116386,1.1215356444091924,0.0,0.0,0.25,0.0,0.0,0.25,0.0,0.25,0.0,0.25,0.0,0.0,0.0
460,2015-12-10,[0.   0.   0.25 0.   0.25 0.   0.25 0.   0.   0.25 0.   0.   0.  ],0.9746211854234688,1.1197489459941588,0.0,0.25,0.0,0.25,0.0,0.25,0.0,0.0,0.25,0.0,0.0,0.0,0.0
461,2015-12-11,[0.  0.  0.  0.5 0.  0.  0.  0.  0.  0.  0.  0.  0.5],0.969403200299825,1.1132326966553492,0.0,0.0,0.5,0.0,0.0,0.0,0.0,0.0,0.0,0.0,0.0,0.5,0.0
462,2015-12-14,[0.  0.  0.5 0.  0.  0.  0.  0.  0.  0.  0.5 0.  0. ],0.968032586313371,1.1034722883691297,0.0,0.5,0.0,0.0,0.0,0.0,0.0,0.0,0.0,0.5,0.0,0.0,0.0
463,2015-12-15,"[0.         0.16666666 0.         0.16666666 0.         0.
 0.         0.         0.16666666 0.         0.16666666 0.16666666
 0.16666666]",0.9652043080101886,1.1016640405755769,0.1666666567325592,0.0,0.1666666567325592,0.0,0.0,0.0,0.0,0.1666666567325592,0.0,0.1666666567325592,0.1666666567325592,0.1666666567325592,0.0
464,2015-12-16,[0.   0.   0.   0.   0.25 0.   0.   0.25 0.   0.   0.   0.25 0.25],0.9722039520909463,1.1132663023452765,0.0,0.0,0.0,0.25,0.0,0.0,0.25,0.0,0.0,0.0,0.25,0.25,0.0
465,2015-12-17,[0.  0.2 0.2 0.  0.  0.  0.  0.2 0.  0.  0.  0.2 0.2],0.9878483821630676,1.1305870518304326,0.20000000298023224,0.20000000298023224,0.0,0.0,0.0,0.0,0.20000000298023224,0.0,0.0,0.0,0.20000000298023224,0.20000000298023224,0.0
466,2015-12-18,"[0.        0.1111111 0.        0.        0.1111111 0.1111111 0.1111111
 0.        0.1111111 0.1111111 0.1111111 0.1111111 0.1111111]",0.9949989133385032,1.134693488673655,0.1111111044883728,0.0,0.0,0.1111111044883728,0.1111111044883728,0.1111111044883728,0.0,0.1111111044883728,0.1111111044883728,0.1111111044883728,0.1111111044883728,0.1111111044883728,0.0
467,2015-12-21,"[0.         0.         0.16666666 0.         0.16666666 0.
 0.16666666 0.         0.16666666 0.         0.16666666 0.16666666
 0.        ]",0.9730541491305889,1.110712304934861,0.0,0.1666666567325592,0.0,0.1666666567325592,0.0,0.1666666567325592,0.0,0.1666666567325592,0.0,0.1666666567325592,0.1666666567325592,0.0,0.0
468,2015-12-22,"[0.         0.14285715 0.         0.         0.         0.
 0.14285715 0.         0.14285715 0.14285715 0.14285715 0.14285715
 0.14285715]",0.9870843132970871,1.1134343540691785,0.1428571492433548,0.0,0.0,0.0,0.0,0.1428571492433548,0.0,0.1428571492433548,0.1428571492433548,0.1428571492433548,0.1428571492433548,0.1428571492433548,0.0
469,2015-12-23,"[0.         0.14285715 0.14285715 0.         0.14285715 0.14285715
 0.         0.14285715 0.         0.         0.14285715 0.14285715
 0.        ]",0.9897455203570069,1.1196892028771197,0.1428571492433548,0.1428571492433548,0.0,0.1428571492433548,0.1428571492433548,0.0,0.1428571492433548,0.0,0.0,0.1428571492433548,0.1428571492433548,0.0,0.0
470,2015-12-24,"[0.    0.    0.125 0.125 0.    0.125 0.125 0.125 0.125 0.    0.    0.125
 0.125]",0.9918406713151662,1.123965685656323,0.0,0.125,0.125,0.0,0.125,0.125,0.125,0.125,0.0,0.0,0.125,0.125,0.0
471,2015-12-28,"[0.         0.         0.         0.16666666 0.16666666 0.
 0.16666666 0.16666666 0.16666666 0.         0.         0.16666666
 0.        ]",0.9938499828178242,1.1266849501750718,0.0,0.0,0.1666666567325592,0.1666666567325592,0.0,0.1666666567325592,0.1666666567325592,0.1666666567325592,0.0,0.0,0.1666666567325592,0.0,0.0
472,2015-12-29,"[0.    0.125 0.    0.125 0.125 0.125 0.125 0.    0.    0.    0.125 0.125
 0.125]",0.993809881480217,1.1267656069988705,0.125,0.0,0.125,0.125,0.125,0.125,0.0,0.0,0.0,0.125,0.125,0.125,0.0
473,2015-12-30,[0.  0.5 0.  0.  0.  0.  0.  0.  0.  0.  0.5 0.  0. ],0.9913977442190762,1.1275703006412736,0.5,0.0,0.0,0.0,0.0,0.0,0.0,0.0,0.0,0.5,0.0,0.0,0.0
474,2015-12-31,"[0.         0.         0.         0.14285715 0.14285715 0.14285715
 0.14285715 0.14285715 0.         0.14285715 0.14285715 0.
 0.        ]",0.991839806551326,1.131095423229706,0.0,0.0,0.1428571492433548,0.1428571492433548,0.1428571492433548,0.1428571492433548,0.1428571492433548,0.0,0.1428571492433548,0.1428571492433548,0.0,0.0,0.0
475,2016-01-04,[0.  0.  0.2 0.  0.2 0.  0.  0.2 0.  0.  0.2 0.  0.2],0.9827772750525207,1.1208139578620575,0.0,0.20000000298023224,0.0,0.20000000298023224,0.0,0.0,0.20000000298023224,0.0,0.0,0.20000000298023224,0.0,0.20000000298023224,0.0
476,2016-01-05,"[0.         0.16666666 0.         0.         0.16666666 0.
 0.16666666 0.16666666 0.         0.16666666 0.16666666 0.
 0.        ]",0.9513840017374313,1.092500582297081,0.1666666567325592,0.0,0.0,0.1666666567325592,0.0,0.1666666567325592,0.1666666567325592,0.0,0.1666666567325592,0.1666666567325592,0.0,0.0,0.0
477,2016-01-06,[0.  0.2 0.  0.2 0.  0.  0.2 0.2 0.  0.  0.  0.2 0. ],0.9475497560278067,1.0905391441377048,0.20000000298023224,0.0,0.20000000298023224,0.0,0.0,0.20000000298023224,0.20000000298023224,0.0,0.0,0.0,0.20000000298023224,0.0,0.0
478,2016-01-07,"[0.         0.         0.         0.16666666 0.         0.
 0.16666666 0.16666666 0.16666666 0.16666666 0.         0.16666666
 0.        ]",0.9319301415681022,1.0750227588589072,0.0,0.0,0.1666666567325592,0.0,0.0,0.1666666567325592,0.1666666567325592,0.1666666567325592,0.1666666567325592,0.0,0.1666666567325592,0.0,0.0
479,2016-01-08,"[0.         0.         0.         0.16666666 0.16666666 0.
 0.16666666 0.16666666 0.         0.16666666 0.         0.
 0.16666666]",0.9124639360086344,1.0542250788038776,0.0,0.0,0.1666666567325592,0.1666666567325592,0.0,0.1666666567325592,0.1666666567325592,0.0,0.1666666567325592,0.0,0.0,0.1666666567325592,0.0
480,2016-01-11,"[0.         0.         0.16666666 0.         0.16666666 0.16666666
 0.16666666 0.         0.16666666 0.         0.16666666 0.
 0.        ]",0.913937944678027,1.048083055700031,0.0,0.1666666567325592,0.0,0.1666666567325592,0.1666666567325592,0.1666666567325592,0.0,0.1666666567325592,0.0,0.1666666567325592,0.0,0.0,0.0
481,2016-01-12,"[0.         0.         0.         0.16666666 0.16666666 0.16666666
 0.16666666 0.         0.         0.16666666 0.         0.16666666
 0.        ]",0.8960265795198693,1.018811382617647,0.0,0.0,0.1666666567325592,0.1666666567325592,0.1666666567325592,0.1666666567325592,0.0,0.0,0.1666666567325592,0.0,0.1666666567325592,0.0,0.0
482,2016-01-13,"[0.         0.14285715 0.14285715 0.         0.14285715 0.
 0.14285715 0.14285715 0.14285715 0.         0.         0.14285715
 0.        ]",0.909109802238829,1.0305194573911969,0.1428571492433548,0.1428571492433548,0.0,0.1428571492433548,0.0,0.1428571492433548,0.1428571492433548,0.1428571492433548,0.0,0.0,0.1428571492433548,0.0,0.0
483,2016-01-14,"[0.         0.16666666 0.16666666 0.16666666 0.         0.16666666
 0.16666666 0.         0.         0.         0.         0.
 0.16666666]",0.9090937352021039,1.0287830584115565,0.1666666567325592,0.1666666567325592,0.1666666567325592,0.0,0.1666666567325592,0.1666666567325592,0.0,0.0,0.0,0.0,0.0,0.1666666567325592,0.0
484,2016-01-15,[0.  0.  0.2 0.2 0.2 0.2 0.2 0.  0.  0.  0.  0.  0. ],0.8854204888186712,1.0001044897035956,0.0,0.20000000298023224,0.20000000298023224,0.20000000298023224,0.20000000298023224,0.20000000298023224,0.0,0.0,0.0,0.0,0.0,0.0,0.0
485,2016-01-19,"[0.        0.        0.        0.3333333 0.3333333 0.        0.
 0.        0.        0.3333333 0.        0.        0.       ]",0.8691771858962524,0.9723947029967797,0.0,0.0,0.3333333134651184,0.3333333134651184,0.0,0.0,0.0,0.0,0.3333333134651184,0.0,0.0,0.0,0.0
486,2016-01-20,[0.   0.   0.25 0.   0.   0.25 0.   0.25 0.   0.   0.25 0.   0.  ],0.8944766729163338,0.9955685189587347,0.0,0.25,0.0,0.0,0.25,0.0,0.25,0.0,0.0,0.25,0.0,0.0,0.0
487,2016-01-21,[0.   0.25 0.25 0.   0.25 0.   0.   0.   0.   0.25 0.   0.   0.  ],0.8680231863102057,0.9675401971526851,0.25,0.25,0.0,0.25,0.0,0.0,0.0,0.0,0.25,0.0,0.0,0.0,0.0
488,2016-01-22,"[0.         0.16666666 0.16666666 0.         0.         0.16666666
 0.         0.16666666 0.16666666 0.         0.16666666 0.
 0.        ]",0.874930332687429,0.9840703115058397,0.1666666567325592,0.1666666567325592,0.0,0.0,0.1666666567325592,0.0,0.1666666567325592,0.1666666567325592,0.0,0.1666666567325592,0.0,0.0,0.0
489,2016-01-25,[0.   0.   0.   0.   0.   0.25 0.   0.25 0.   0.25 0.   0.   0.25],0.883091173959618,0.9919185624906021,0.0,0.0,0.0,0.0,0.25,0.0,0.25,0.0,0.25,0.0,0.0,0.25,0.0
490,2016-01-26,"[0.         0.14285715 0.         0.14285715 0.         0.
 0.         0.14285715 0.14285715 0.14285715 0.14285715 0.
 0.14285715]",0.8784111182646152,0.9864972954074992,0.1428571492433548,0.0,0.1428571492433548,0.0,0.0,0.0,0.1428571492433548,0.1428571492433548,0.1428571492433548,0.1428571492433548,0.0,0.1428571492433548,0.0
491,2016-01-27,"[0.    0.125 0.125 0.    0.    0.    0.125 0.125 0.125 0.    0.125 0.125
 0.125]",0.8672333052832665,0.9767519972655463,0.125,0.125,0.0,0.0,0.0,0.125,0.125,0.125,0.0,0.125,0.125,0.125,0.0
492,2016-01-28,[0.  0.  0.2 0.2 0.2 0.  0.2 0.2 0.  0.  0.  0.  0. ],0.8787478649657623,0.9944758750499675,0.0,0.20000000298023224,0.20000000298023224,0.20000000298023224,0.0,0.20000000298023224,0.20000000298023224,0.0,0.0,0.0,0.0,0.0,0.0
493,2016-01-29,"[0.         0.14285715 0.14285715 0.14285715 0.         0.
 0.14285715 0.         0.         0.14285715 0.         0.14285715
 0.14285715]",0.8737256254300714,0.9913177400676112,0.1428571492433548,0.1428571492433548,0.1428571492433548,0.0,0.0,0.1428571492433548,0.0,0.0,0.1428571492433548,0.0,0.1428571492433548,0.1428571492433548,0.0
494,2016-02-01,"[0.         0.         0.         0.         0.         0.
 0.16666666 0.         0.16666666 0.16666666 0.16666666 0.16666666
 0.16666666]",0.8834478922372283,0.9913778892149598,0.0,0.0,0.0,0.0,0.0,0.1666666567325592,0.0,0.1666666567325592,0.1666666567325592,0.1666666567325592,0.1666666567325592,0.1666666567325592,0.0
495,2016-02-02,[0.   0.   0.25 0.25 0.   0.   0.25 0.   0.25 0.   0.   0.   0.  ],0.9008638870430975,1.0068294647327996,0.0,0.25,0.25,0.0,0.0,0.25,0.0,0.25,0.0,0.0,0.0,0.0,0.0
496,2016-02-03,"[0.         0.14285715 0.14285715 0.14285715 0.14285715 0.14285715
 0.         0.         0.         0.         0.14285715 0.14285715
 0.        ]",0.8872029059735752,1.0040955827503844,0.1428571492433548,0.1428571492433548,0.1428571492433548,0.1428571492433548,0.1428571492433548,0.0,0.0,0.0,0.0,0.1428571492433548,0.1428571492433548,0.0,0.0
497,2016-02-04,"[0.         0.         0.14285715 0.14285715 0.         0.14285715
 0.14285715 0.         0.14285715 0.14285715 0.         0.
 0.14285715]",0.8798820817269136,0.9965573979146428,0.0,0.1428571492433548,0.1428571492433548,0.0,0.1428571492433548,0.1428571492433548,0.0,0.1428571492433548,0.1428571492433548,0.0,0.0,0.1428571492433548,0.0
498,2016-02-05,"[0.         0.14285715 0.         0.         0.14285715 0.14285715
 0.         0.         0.14285715 0.14285715 0.14285715 0.
 0.14285715]",0.8740155410952548,0.9905931991050667,0.1428571492433548,0.0,0.0,0.1428571492433548,0.1428571492433548,0.0,0.0,0.1428571492433548,0.1428571492433548,0.1428571492433548,0.0,0.1428571492433548,0.0
499,2016-02-08,"[0.    0.125 0.125 0.125 0.125 0.125 0.    0.125 0.    0.    0.    0.125
 0.125]",0.877078402499747,0.9941752980678514,0.125,0.125,0.125,0.125,0.125,0.0,0.125,0.0,0.0,0.0,0.125,0.125,0.0
500,2016-02-09,"[0.         0.16666666 0.16666666 0.         0.16666666 0.16666666
 0.16666666 0.         0.         0.16666666 0.         0.
 0.        ]",0.8453020973931648,0.9651905746873901,0.1666666567325592,0.1666666567325592,0.0,0.1666666567325592,0.1666666567325592,0.1666666567325592,0.0,0.0,0.1666666567325592,0.0,0.0,0.0,0.0
501,2016-02-10,[0.  0.  0.  0.  0.  0.  0.2 0.2 0.2 0.2 0.  0.  0.2],0.83232658724626,0.9579653756373661,0.0,0.0,0.0,0.0,0.0,0.20000000298023224,0.20000000298023224,0.20000000298023224,0.20000000298023224,0.0,0.0,0.20000000298023224,0.0
502,2016-02-11,"[0.         0.14285715 0.         0.         0.14285715 0.
 0.14285715 0.14285715 0.14285715 0.14285715 0.         0.14285715
 0.        ]",0.8450306020134328,0.9803399914650255,0.1428571492433548,0.0,0.0,0.1428571492433548,0.0,0.1428571492433548,0.1428571492433548,0.1428571492433548,0.1428571492433548,0.0,0.1428571492433548,0.0,0.0
503,2016-02-12,"[0.         0.16666666 0.16666666 0.         0.16666666 0.
 0.         0.16666666 0.         0.         0.16666666 0.16666666
 0.        ]",0.8133179022330862,0.9509696454322855,0.1666666567325592,0.1666666567325592,0.0,0.1666666567325592,0.0,0.0,0.1666666567325592,0.0,0.0,0.1666666567325592,0.1666666567325592,0.0,0.0
504,2016-02-16,[0.  0.  0.2 0.  0.  0.  0.2 0.  0.2 0.  0.2 0.2 0. ],0.8287597963591943,0.9679684215470873,0.0,0.20000000298023224,0.0,0.0,0.0,0.20000000298023224,0.0,0.20000000298023224,0.0,0.20000000298023224,0.20000000298023224,0.0,0.0
505,2016-02-17,"[0.         0.14285715 0.14285715 0.14285715 0.         0.14285715
 0.         0.         0.14285715 0.         0.         0.14285715
 0.14285715]",0.8460565835859931,0.9879558690609914,0.1428571492433548,0.1428571492433548,0.1428571492433548,0.0,0.1428571492433548,0.0,0.0,0.1428571492433548,0.0,0.0,0.1428571492433548,0.1428571492433548,0.0
506,2016-02-18,"[0.    0.    0.    0.125 0.125 0.125 0.125 0.125 0.125 0.    0.    0.125
 0.125]",0.8670232744311562,1.006698863935311,0.0,0.0,0.125,0.125,0.125,0.125,0.125,0.125,0.0,0.0,0.125,0.125,0.0
507,2016-02-19,"[0.        0.        0.3333333 0.        0.        0.        0.
 0.        0.3333333 0.        0.3333333 0.        0.       ]",0.8673812783908251,1.009794833664611,0.0,0.3333333134651184,0.0,0.0,0.0,0.0,0.0,0.3333333134651184,0.0,0.3333333134651184,0.0,0.0,0.0
508,2016-02-22,"[0.         0.14285715 0.         0.14285715 0.14285715 0.14285715
 0.14285715 0.         0.         0.         0.14285715 0.
 0.14285715]",0.8504546070384573,1.000591642014692,0.1428571492433548,0.0,0.1428571492433548,0.1428571492433548,0.1428571492433548,0.1428571492433548,0.0,0.0,0.0,0.1428571492433548,0.0,0.1428571492433548,0.0
509,2016-02-23,[0.  0.1 0.1 0.1 0.  0.1 0.1 0.1 0.1 0.1 0.1 0.  0.1],0.8625241949770418,1.0118614479779267,0.10000000149011612,0.10000000149011612,0.10000000149011612,0.0,0.10000000149011612,0.10000000149011612,0.10000000149011612,0.10000000149011612,0.10000000149011612,0.10000000149011612,0.0,0.10000000149011612,0.0
510,2016-02-24,"[0.         0.14285715 0.14285715 0.14285715 0.14285715 0.14285715
 0.         0.14285715 0.         0.14285715 0.         0.
 0.        ]",0.862383613942261,1.0056114115048482,0.1428571492433548,0.1428571492433548,0.1428571492433548,0.1428571492433548,0.1428571492433548,0.0,0.1428571492433548,0.0,0.1428571492433548,0.0,0.0,0.0,0.0
511,2016-02-25,[0.  0.2 0.2 0.  0.  0.2 0.  0.  0.  0.2 0.2 0.  0. ],0.8403346296442946,0.9843462390660023,0.20000000298023224,0.20000000298023224,0.0,0.0,0.20000000298023224,0.0,0.0,0.0,0.20000000298023224,0.20000000298023224,0.0,0.0,0.0
512,2016-02-26,[0.   0.   0.   0.25 0.   0.25 0.   0.25 0.25 0.   0.   0.   0.  ],0.8544106500172366,1.007260442960525,0.0,0.0,0.25,0.0,0.25,0.0,0.25,0.25,0.0,0.0,0.0,0.0,0.0
513,2016-02-29,"[0.         0.         0.         0.16666666 0.         0.16666666
 0.16666666 0.         0.16666666 0.16666666 0.         0.
 0.16666666]",0.8655673874995622,1.0187792793440678,0.0,0.0,0.1666666567325592,0.0,0.1666666567325592,0.1666666567325592,0.0,0.1666666567325592,0.1666666567325592,0.0,0.0,0.1666666567325592,0.0
514,2016-03-01,"[0.    0.125 0.125 0.    0.    0.125 0.125 0.125 0.    0.125 0.125 0.
 0.125]",0.8566604002830531,1.0180613242884782,0.125,0.125,0.0,0.0,0.125,0.125,0.125,0.0,0.125,0.125,0.0,0.125,0.0
515,2016-03-02,"[0.         0.         0.         0.16666666 0.16666666 0.16666666
 0.16666666 0.         0.16666666 0.         0.         0.
 0.16666666]",0.8530679993455861,1.013464612212385,0.0,0.0,0.1666666567325592,0.1666666567325592,0.1666666567325592,0.1666666567325592,0.0,0.1666666567325592,0.0,0.0,0.0,0.1666666567325592,0.0
516,2016-03-03,[0.  0.2 0.2 0.  0.2 0.  0.  0.2 0.  0.  0.2 0.  0. ],0.8688352577227795,1.033028571715331,0.20000000298023224,0.20000000298023224,0.0,0.20000000298023224,0.0,0.0,0.20000000298023224,0.0,0.0,0.20000000298023224,0.0,0.0,0.0
517,2016-03-04,"[0.         0.14285715 0.14285715 0.         0.14285715 0.14285715
 0.14285715 0.14285715 0.         0.         0.14285715 0.
 0.        ]",0.8702721331929102,1.0433192155505195,0.1428571492433548,0.1428571492433548,0.0,0.1428571492433548,0.1428571492433548,0.1428571492433548,0.1428571492433548,0.0,0.0,0.1428571492433548,0.0,0.0,0.0
518,2016-03-07,"[0.         0.         0.14285715 0.         0.         0.14285715
 0.14285715 0.14285715 0.14285715 0.14285715 0.         0.
 0.14285715]",0.8781102264878123,1.0384912219532663,0.0,0.1428571492433548,0.0,0.0,0.1428571492433548,0.1428571492433548,0.1428571492433548,0.1428571492433548,0.1428571492433548,0.0,0.0,0.1428571492433548,0.0
519,2016-03-08,[0.  0.  0.2 0.2 0.  0.  0.  0.  0.  0.2 0.2 0.2 0. ],0.8746413044621388,1.0320590616115946,0.0,0.20000000298023224,0.20000000298023224,0.0,0.0,0.0,0.0,0.0,0.20000000298023224,0.20000000298023224,0.20000000298023224,0.0,0.0
520,2016-03-09,"[0.         0.         0.         0.         0.14285715 0.14285715
 0.14285715 0.14285715 0.14285715 0.         0.         0.14285715
 0.14285715]",0.8632673412274512,1.0273616233628022,0.0,0.0,0.0,0.1428571492433548,0.1428571492433548,0.1428571492433548,0.1428571492433548,0.1428571492433548,0.0,0.0,0.1428571492433548,0.1428571492433548,0.0
521,2016-03-10,[0.  0.  0.  0.  0.  0.5 0.  0.  0.5 0.  0.  0.  0. ],0.8582902913357486,1.022270007531765,0.0,0.0,0.0,0.0,0.5,0.0,0.0,0.5,0.0,0.0,0.0,0.0,0.0
522,2016-03-11,[0.   0.   0.25 0.   0.   0.   0.   0.25 0.25 0.   0.   0.25 0.  ],0.8577348645536335,1.0275733990121663,0.0,0.25,0.0,0.0,0.0,0.0,0.25,0.25,0.0,0.0,0.25,0.0,0.0
523,2016-03-14,"[0.         0.         0.14285715 0.14285715 0.         0.14285715
 0.14285715 0.         0.14285715 0.14285715 0.         0.
 0.14285715]",0.8492392193604955,1.029558478794776,0.0,0.1428571492433548,0.1428571492433548,0.0,0.1428571492433548,0.1428571492433548,0.0,0.1428571492433548,0.1428571492433548,0.0,0.0,0.1428571492433548,0.0
524,2016-03-15,"[0.        0.1111111 0.1111111 0.1111111 0.        0.1111111 0.
 0.1111111 0.1111111 0.1111111 0.1111111 0.1111111 0.       ]",0.8509048397841527,1.037274898047146,0.1111111044883728,0.1111111044883728,0.1111111044883728,0.0,0.1111111044883728,0.0,0.1111111044883728,0.1111111044883728,0.1111111044883728,0.1111111044883728,0.1111111044883728,0.0,0.0
525,2016-03-16,"[0.         0.         0.14285715 0.14285715 0.14285715 0.14285715
 0.14285715 0.         0.         0.14285715 0.14285715 0.
 0.        ]",0.8483255830557827,1.0340251869376154,0.0,0.1428571492433548,0.1428571492433548,0.1428571492433548,0.1428571492433548,0.1428571492433548,0.0,0.0,0.1428571492433548,0.1428571492433548,0.0,0.0,0.0
526,2016-03-17,"[0.    0.125 0.    0.125 0.125 0.125 0.125 0.    0.    0.    0.125 0.125
 0.125]",0.8447512501071957,1.0266651019687005,0.125,0.0,0.125,0.125,0.125,0.125,0.0,0.0,0.0,0.125,0.125,0.125,0.0
527,2016-03-18,"[0.         0.         0.16666666 0.16666666 0.         0.16666666
 0.16666666 0.         0.         0.16666666 0.16666666 0.
 0.        ]",0.8457837201673013,1.0268810201698957,0.0,0.1666666567325592,0.1666666567325592,0.0,0.1666666567325592,0.1666666567325592,0.0,0.0,0.1666666567325592,0.1666666567325592,0.0,0.0,0.0
528,2016-03-21,[0.  0.  0.2 0.  0.  0.  0.2 0.  0.2 0.2 0.2 0.  0. ],0.8539225575281743,1.038278471445265,0.0,0.20000000298023224,0.0,0.0,0.0,0.20000000298023224,0.0,0.20000000298023224,0.20000000298023224,0.20000000298023224,0.0,0.0,0.0
529,2016-03-22,"[0.         0.         0.14285715 0.         0.         0.
 0.14285715 0.14285715 0.14285715 0.         0.14285715 0.14285715
 0.14285715]",0.8582680611551542,1.04204716151175,0.0,0.1428571492433548,0.0,0.0,0.0,0.1428571492433548,0.1428571492433548,0.1428571492433548,0.0,0.1428571492433548,0.1428571492433548,0.1428571492433548,0.0
530,2016-03-23,"[0.        0.        0.1111111 0.1111111 0.1111111 0.1111111 0.1111111
 0.1111111 0.1111111 0.        0.        0.1111111 0.1111111]",0.852960698309283,1.0386027162014317,0.0,0.1111111044883728,0.1111111044883728,0.1111111044883728,0.1111111044883728,0.1111111044883728,0.1111111044883728,0.1111111044883728,0.0,0.0,0.1111111044883728,0.1111111044883728,0.0
531,2016-03-24,"[0.    0.125 0.    0.125 0.125 0.125 0.    0.    0.125 0.125 0.125 0.125
 0.   ]",0.8585642443228702,1.0443862320775914,0.125,0.0,0.125,0.125,0.125,0.0,0.0,0.125,0.125,0.125,0.125,0.0,0.0
532,2016-03-28,"[0.         0.         0.         0.         0.16666666 0.16666666
 0.16666666 0.         0.         0.16666666 0.16666666 0.
 0.16666666]",0.8411269486973973,1.0295487739491584,0.0,0.0,0.0,0.1666666567325592,0.1666666567325592,0.1666666567325592,0.0,0.0,0.1666666567325592,0.1666666567325592,0.0,0.1666666567325592,0.0
533,2016-03-29,"[0.         0.         0.         0.16666666 0.16666666 0.
 0.16666666 0.         0.16666666 0.16666666 0.         0.
 0.16666666]",0.8418317782407176,1.0313178254305049,0.0,0.0,0.1666666567325592,0.1666666567325592,0.0,0.1666666567325592,0.0,0.1666666567325592,0.1666666567325592,0.0,0.0,0.1666666567325592,0.0
534,2016-03-30,[0.  0.2 0.2 0.  0.2 0.  0.2 0.  0.  0.  0.  0.  0.2],0.8382957225817301,1.0273712184978128,0.20000000298023224,0.20000000298023224,0.0,0.20000000298023224,0.0,0.20000000298023224,0.0,0.0,0.0,0.0,0.0,0.20000000298023224,0.0
535,2016-03-31,"[0.         0.14285715 0.         0.         0.         0.14285715
 0.14285715 0.14285715 0.14285715 0.         0.         0.14285715
 0.14285715]",0.8477198732226515,1.0463121783690192,0.1428571492433548,0.0,0.0,0.0,0.1428571492433548,0.1428571492433548,0.1428571492433548,0.1428571492433548,0.0,0.0,0.1428571492433548,0.1428571492433548,0.0
536,2016-04-01,"[0.         0.14285715 0.         0.14285715 0.         0.
 0.14285715 0.14285715 0.         0.14285715 0.14285715 0.14285715
 0.        ]",0.8449473772904884,1.045764366827872,0.1428571492433548,0.0,0.1428571492433548,0.0,0.0,0.1428571492433548,0.1428571492433548,0.0,0.1428571492433548,0.1428571492433548,0.1428571492433548,0.0,0.0
537,2016-04-04,[0.  0.  0.  0.2 0.  0.2 0.  0.  0.  0.2 0.  0.2 0.2],0.8333259768456511,1.0327604776660113,0.0,0.0,0.20000000298023224,0.0,0.20000000298023224,0.0,0.0,0.0,0.20000000298023224,0.0,0.20000000298023224,0.20000000298023224,0.0
538,2016-04-05,"[0.         0.         0.         0.14285715 0.14285715 0.14285715
 0.         0.14285715 0.14285715 0.14285715 0.         0.
 0.14285715]",0.8477444256797468,1.0478567616257213,0.0,0.0,0.1428571492433548,0.1428571492433548,0.1428571492433548,0.0,0.1428571492433548,0.1428571492433548,0.1428571492433548,0.0,0.0,0.1428571492433548,0.0
539,2016-04-06,"[0.        0.1111111 0.1111111 0.1111111 0.        0.1111111 0.
 0.        0.1111111 0.1111111 0.1111111 0.1111111 0.1111111]",0.8500181414640159,1.0419153773896124,0.1111111044883728,0.1111111044883728,0.1111111044883728,0.0,0.1111111044883728,0.0,0.0,0.1111111044883728,0.1111111044883728,0.1111111044883728,0.1111111044883728,0.1111111044883728,0.0
540,2016-04-07,[0.  0.2 0.2 0.  0.  0.  0.2 0.2 0.  0.  0.  0.2 0. ],0.8494085592941564,1.0408054909673699,0.20000000298023224,0.20000000298023224,0.0,0.0,0.0,0.20000000298023224,0.20000000298023224,0.0,0.0,0.0,0.20000000298023224,0.0,0.0
541,2016-04-08,"[0.         0.16666666 0.16666666 0.16666666 0.         0.
 0.         0.16666666 0.16666666 0.         0.16666666 0.
 0.        ]",0.8550386585723985,1.0461027738066457,0.1666666567325592,0.1666666567325592,0.1666666567325592,0.0,0.0,0.0,0.1666666567325592,0.1666666567325592,0.0,0.1666666567325592,0.0,0.0,0.0
542,2016-04-11,"[0.         0.14285715 0.14285715 0.14285715 0.14285715 0.14285715
 0.         0.         0.14285715 0.14285715 0.         0.
 0.        ]",0.8497204963723791,1.0421491681598523,0.1428571492433548,0.1428571492433548,0.1428571492433548,0.1428571492433548,0.1428571492433548,0.0,0.0,0.1428571492433548,0.1428571492433548,0.0,0.0,0.0,0.0
543,2016-04-12,"[0.    0.125 0.125 0.125 0.    0.125 0.    0.    0.125 0.    0.125 0.125
 0.125]",0.8489299985662379,1.0499222207469123,0.125,0.125,0.125,0.0,0.125,0.0,0.0,0.125,0.0,0.125,0.125,0.125,0.0
544,2016-04-13,[0.  0.  0.2 0.  0.  0.  0.2 0.2 0.  0.  0.2 0.2 0. ],0.8493983362181247,1.0494116552185881,0.0,0.20000000298023224,0.0,0.0,0.0,0.20000000298023224,0.20000000298023224,0.0,0.0,0.20000000298023224,0.20000000298023224,0.0,0.0
545,2016-04-14,"[0.    0.    0.    0.125 0.125 0.125 0.    0.125 0.125 0.125 0.125 0.
 0.125]",0.8583202639967356,1.0604519555555998,0.0,0.0,0.125,0.125,0.125,0.0,0.125,0.125,0.125,0.125,0.0,0.125,0.0
546,2016-04-15,"[0.    0.125 0.125 0.125 0.125 0.125 0.    0.125 0.    0.    0.125 0.125
 0.   ]",0.8679969543218751,1.0738949027304308,0.125,0.125,0.125,0.125,0.125,0.0,0.125,0.0,0.0,0.125,0.125,0.0,0.0
547,2016-04-18,[0.   0.   0.25 0.25 0.   0.   0.25 0.   0.25 0.   0.   0.   0.  ],0.8740952297230955,1.0783162528139612,0.0,0.25,0.25,0.0,0.0,0.25,0.0,0.25,0.0,0.0,0.0,0.0,0.0
548,2016-04-19,"[0.         0.09090909 0.09090909 0.09090909 0.09090909 0.09090909
 0.09090909 0.09090909 0.09090909 0.         0.09090909 0.09090909
 0.09090909]",0.8662216337258646,1.0665345785139797,0.09090909361839294,0.09090909361839294,0.09090909361839294,0.09090909361839294,0.09090909361839294,0.09090909361839294,0.09090909361839294,0.09090909361839294,0.0,0.09090909361839294,0.09090909361839294,0.09090909361839294,0.0
549,2016-04-20,"[0.        0.1111111 0.1111111 0.1111111 0.1111111 0.1111111 0.
 0.1111111 0.1111111 0.1111111 0.1111111 0.        0.       ]",0.8767684353262291,1.0782996503641018,0.1111111044883728,0.1111111044883728,0.1111111044883728,0.1111111044883728,0.1111111044883728,0.0,0.1111111044883728,0.1111111044883728,0.1111111044883728,0.1111111044883728,0.0,0.0,0.0
550,2016-04-21,[0.  0.  0.2 0.  0.2 0.  0.2 0.  0.2 0.  0.2 0.  0. ],0.8801715157990041,1.079061020255785,0.0,0.20000000298023224,0.0,0.20000000298023224,0.0,0.20000000298023224,0.0,0.20000000298023224,0.0,0.20000000298023224,0.0,0.0,0.0
551,2016-04-22,[0.  0.  0.2 0.2 0.2 0.2 0.2 0.  0.  0.  0.  0.  0. ],0.8875279489094989,1.0856472886546875,0.0,0.20000000298023224,0.20000000298023224,0.20000000298023224,0.20000000298023224,0.20000000298023224,0.0,0.0,0.0,0.0,0.0,0.0,0.0
552,2016-04-25,[0.  0.2 0.  0.  0.  0.2 0.  0.2 0.  0.  0.2 0.  0.2],0.8864802862463002,1.0897451463681358,0.20000000298023224,0.0,0.0,0.0,0.20000000298023224,0.0,0.20000000298023224,0.0,0.0,0.20000000298023224,0.0,0.20000000298023224,0.0
553,2016-04-26,[0.   0.   0.   0.   0.25 0.25 0.   0.   0.25 0.   0.   0.25 0.  ],0.8848503376123852,1.0912964474751052,0.0,0.0,0.0,0.25,0.25,0.0,0.0,0.25,0.0,0.0,0.25,0.0,0.0
554,2016-04-27,[0.   0.   0.   0.25 0.   0.25 0.   0.25 0.   0.   0.   0.   0.25],0.8772412184213066,1.0905114091868917,0.0,0.0,0.25,0.0,0.25,0.0,0.25,0.0,0.0,0.0,0.0,0.25,0.0
555,2016-04-28,"[0.        0.1111111 0.1111111 0.1111111 0.1111111 0.1111111 0.1111111
 0.        0.        0.        0.1111111 0.1111111 0.1111111]",0.8713572489627395,1.0916566755488197,0.1111111044883728,0.1111111044883728,0.1111111044883728,0.1111111044883728,0.1111111044883728,0.1111111044883728,0.0,0.0,0.0,0.1111111044883728,0.1111111044883728,0.1111111044883728,0.0
556,2016-04-29,[0.   0.25 0.   0.   0.   0.   0.25 0.25 0.25 0.   0.   0.   0.  ],0.8710944106405921,1.0856601202810416,0.25,0.0,0.0,0.0,0.0,0.25,0.25,0.25,0.0,0.0,0.0,0.0,0.0
557,2016-05-02,[0.  0.  0.  0.2 0.2 0.  0.  0.2 0.2 0.  0.  0.2 0. ],0.8721852252312291,1.0758856574583398,0.0,0.0,0.20000000298023224,0.20000000298023224,0.0,0.0,0.20000000298023224,0.20000000298023224,0.0,0.0,0.20000000298023224,0.0,0.0
558,2016-05-03,"[0.         0.16666666 0.16666666 0.         0.         0.16666666
 0.16666666 0.         0.16666666 0.         0.16666666 0.
 0.        ]",0.8664216949100494,1.0708866670940365,0.1666666567325592,0.1666666567325592,0.0,0.0,0.1666666567325592,0.1666666567325592,0.0,0.1666666567325592,0.0,0.1666666567325592,0.0,0.0,0.0
559,2016-05-04,[0.  0.2 0.  0.  0.  0.2 0.2 0.  0.2 0.2 0.  0.  0. ],0.8673337384647251,1.071549765365019,0.20000000298023224,0.0,0.0,0.0,0.20000000298023224,0.20000000298023224,0.0,0.20000000298023224,0.20000000298023224,0.0,0.0,0.0,0.0
560,2016-05-05,"[0.        0.3333333 0.        0.3333333 0.        0.3333333 0.
 0.        0.        0.        0.        0.        0.       ]",0.8582046306760005,1.0635040797422546,0.3333333134651184,0.0,0.3333333134651184,0.0,0.3333333134651184,0.0,0.0,0.0,0.0,0.0,0.0,0.0,0.0
561,2016-05-06,"[0.        0.        0.        0.        0.        0.        0.
 0.        0.3333333 0.        0.3333333 0.3333333 0.       ]",0.8587207410510251,1.0546539203842344,0.0,0.0,0.0,0.0,0.0,0.0,0.0,0.3333333134651184,0.0,0.3333333134651184,0.3333333134651184,0.0,0.0
562,2016-05-09,"[0.         0.16666666 0.         0.16666666 0.         0.
 0.16666666 0.         0.         0.16666666 0.16666666 0.16666666
 0.        ]",0.8718549370890103,1.0519425337234167,0.1666666567325592,0.0,0.1666666567325592,0.0,0.0,0.1666666567325592,0.0,0.0,0.1666666567325592,0.1666666567325592,0.1666666567325592,0.0,0.0
563,2016-05-10,[0.  0.  0.  0.  0.  0.  0.  0.5 0.  0.  0.  0.  0.5],0.8887627458371773,1.065050624305271,0.0,0.0,0.0,0.0,0.0,0.0,0.5,0.0,0.0,0.0,0.0,0.5,0.0
564,2016-05-11,[0.   0.25 0.   0.   0.   0.25 0.25 0.   0.   0.   0.   0.   0.25],0.8925905030077107,1.0663166504151216,0.25,0.0,0.0,0.0,0.25,0.25,0.0,0.0,0.0,0.0,0.0,0.25,0.0
565,2016-05-12,[0.  0.  0.2 0.2 0.  0.  0.  0.2 0.  0.  0.  0.2 0.2],0.8951100595442164,1.0651199516024248,0.0,0.20000000298023224,0.20000000298023224,0.0,0.0,0.0,0.20000000298023224,0.0,0.0,0.0,0.20000000298023224,0.20000000298023224,0.0
566,2016-05-13,[0.  0.2 0.  0.  0.  0.2 0.  0.2 0.  0.  0.2 0.2 0. ],0.9029060513040679,1.0680996455663299,0.20000000298023224,0.0,0.0,0.0,0.20000000298023224,0.0,0.20000000298023224,0.0,0.0,0.20000000298023224,0.20000000298023224,0.0,0.0
567,2016-05-16,"[0.        0.        0.        0.        0.        0.        0.3333333
 0.        0.        0.3333333 0.3333333 0.        0.       ]",0.8916815211451176,1.0593504648032543,0.0,0.0,0.0,0.0,0.0,0.3333333134651184,0.0,0.0,0.3333333134651184,0.3333333134651184,0.0,0.0,0.0
568,2016-05-17,[0.   0.   0.25 0.   0.25 0.   0.25 0.   0.   0.   0.   0.25 0.  ],0.8917201270307384,1.0556510721037995,0.0,0.25,0.0,0.25,0.0,0.25,0.0,0.0,0.0,0.0,0.25,0.0,0.0
569,2016-05-18,"[0.         0.         0.         0.         0.         0.16666666
 0.16666666 0.         0.16666666 0.16666666 0.16666666 0.
 0.16666666]",0.8981092174483608,1.0633474817282824,0.0,0.0,0.0,0.0,0.1666666567325592,0.1666666567325592,0.0,0.1666666567325592,0.1666666567325592,0.1666666567325592,0.0,0.1666666567325592,0.0
570,2016-05-19,[0.  0.  0.  0.  0.  0.  0.  0.  0.  0.5 0.5 0.  0. ],0.889638924149277,1.0571031341743362,0.0,0.0,0.0,0.0,0.0,0.0,0.0,0.0,0.5,0.5,0.0,0.0,0.0
571,2016-05-20,"[0.         0.16666666 0.16666666 0.         0.         0.16666666
 0.16666666 0.         0.         0.         0.         0.16666666
 0.16666666]",0.8901989217071924,1.0750048925692688,0.1666666567325592,0.1666666567325592,0.0,0.0,0.1666666567325592,0.1666666567325592,0.0,0.0,0.0,0.0,0.1666666567325592,0.1666666567325592,0.0
572,2016-05-23,[0.  0.  0.2 0.  0.2 0.  0.2 0.  0.2 0.  0.  0.  0.2],0.8838113473247231,1.071957138299579,0.0,0.20000000298023224,0.0,0.20000000298023224,0.0,0.20000000298023224,0.0,0.20000000298023224,0.0,0.0,0.0,0.20000000298023224,0.0
573,2016-05-24,"[0.         0.16666666 0.         0.         0.16666666 0.
 0.         0.16666666 0.16666666 0.         0.         0.16666666
 0.16666666]",0.8868067154520505,1.0832679634172946,0.1666666567325592,0.0,0.0,0.1666666567325592,0.0,0.0,0.1666666567325592,0.1666666567325592,0.0,0.0,0.1666666567325592,0.1666666567325592,0.0
574,2016-05-25,[0.   0.   0.   0.   0.   0.   0.   0.25 0.   0.   0.25 0.25 0.25],0.8995462256848683,1.0920084744239935,0.0,0.0,0.0,0.0,0.0,0.0,0.25,0.0,0.0,0.25,0.25,0.25,0.0
575,2016-05-26,[0.  0.  0.  0.  0.2 0.2 0.2 0.  0.2 0.  0.  0.  0.2],0.9174761504504366,1.1086468861211825,0.0,0.0,0.0,0.20000000298023224,0.20000000298023224,0.20000000298023224,0.0,0.20000000298023224,0.0,0.0,0.0,0.20000000298023224,0.0
576,2016-05-27,"[0.         0.16666666 0.16666666 0.         0.16666666 0.
 0.         0.16666666 0.         0.         0.16666666 0.16666666
 0.        ]",0.9160130827034408,1.1148644858288865,0.1666666567325592,0.1666666567325592,0.0,0.1666666567325592,0.0,0.0,0.1666666567325592,0.0,0.0,0.1666666567325592,0.1666666567325592,0.0,0.0
577,2016-05-31,[0.  0.2 0.  0.  0.2 0.2 0.  0.  0.2 0.  0.2 0.  0. ],0.9133579146082466,1.1140485304172478,0.20000000298023224,0.0,0.0,0.20000000298023224,0.20000000298023224,0.0,0.0,0.20000000298023224,0.0,0.20000000298023224,0.0,0.0,0.0
578,2016-06-01,"[0.        0.        0.1111111 0.        0.1111111 0.1111111 0.
 0.1111111 0.1111111 0.1111111 0.1111111 0.1111111 0.1111111]",0.9262961029961527,1.1214569240947747,0.0,0.1111111044883728,0.0,0.1111111044883728,0.1111111044883728,0.0,0.1111111044883728,0.1111111044883728,0.1111111044883728,0.1111111044883728,0.1111111044883728,0.1111111044883728,0.0
579,2016-06-02,"[0.    0.125 0.    0.125 0.125 0.    0.    0.125 0.125 0.    0.125 0.125
 0.125]",0.9283169366385453,1.119658567626988,0.125,0.0,0.125,0.125,0.0,0.0,0.125,0.125,0.0,0.125,0.125,0.125,0.0
580,2016-06-03,[0.   0.25 0.   0.   0.   0.   0.   0.   0.   0.25 0.25 0.25 0.  ],0.9452601247082137,1.1332780696047349,0.25,0.0,0.0,0.0,0.0,0.0,0.0,0.0,0.25,0.25,0.25,0.0,0.0
581,2016-06-06,"[0.         0.14285715 0.14285715 0.         0.14285715 0.14285715
 0.         0.14285715 0.14285715 0.         0.14285715 0.
 0.        ]",0.9375483972698117,1.131789096765509,0.1428571492433548,0.1428571492433548,0.0,0.1428571492433548,0.1428571492433548,0.0,0.1428571492433548,0.1428571492433548,0.0,0.1428571492433548,0.0,0.0,0.0
582,2016-06-07,[0.  0.  0.  0.  0.2 0.2 0.2 0.  0.  0.  0.2 0.  0.2],0.9383388845589283,1.1291628748287674,0.0,0.0,0.0,0.20000000298023224,0.20000000298023224,0.20000000298023224,0.0,0.0,0.0,0.20000000298023224,0.0,0.20000000298023224,0.0
583,2016-06-08,[0.  0.2 0.  0.  0.  0.  0.2 0.  0.2 0.2 0.  0.2 0. ],0.9398351910241157,1.1349905872902917,0.20000000298023224,0.0,0.0,0.0,0.0,0.20000000298023224,0.0,0.20000000298023224,0.20000000298023224,0.0,0.20000000298023224,0.0,0.0
584,2016-06-09,"[0.         0.16666666 0.16666666 0.         0.         0.
 0.         0.16666666 0.16666666 0.         0.         0.16666666
 0.16666666]",0.9314597617666517,1.129033755844463,0.1666666567325592,0.1666666567325592,0.0,0.0,0.0,0.0,0.1666666567325592,0.1666666567325592,0.0,0.0,0.1666666567325592,0.1666666567325592,0.0
585,2016-06-10,[0.  0.  0.  0.  0.2 0.2 0.  0.2 0.  0.  0.2 0.  0.2],0.9236240491757008,1.1244656574991398,0.0,0.0,0.0,0.20000000298023224,0.20000000298023224,0.0,0.20000000298023224,0.0,0.0,0.20000000298023224,0.0,0.20000000298023224,0.0
586,2016-06-13,"[0.         0.         0.16666666 0.16666666 0.         0.16666666
 0.16666666 0.         0.16666666 0.         0.16666666 0.
 0.        ]",0.9167006970991964,1.1144379160802877,0.0,0.1666666567325592,0.1666666567325592,0.0,0.1666666567325592,0.1666666567325592,0.0,0.1666666567325592,0.0,0.1666666567325592,0.0,0.0,0.0
587,2016-06-14,[0.   0.   0.25 0.   0.   0.   0.25 0.   0.   0.25 0.   0.   0.25],0.9160699895861,1.1107466696426824,0.0,0.25,0.0,0.0,0.0,0.25,0.0,0.0,0.25,0.0,0.0,0.25,0.0
588,2016-06-15,"[0.         0.16666666 0.         0.16666666 0.16666666 0.16666666
 0.         0.         0.         0.16666666 0.         0.16666666
 0.        ]",0.9107138869050931,1.1043273971270398,0.1666666567325592,0.0,0.1666666567325592,0.1666666567325592,0.1666666567325592,0.0,0.0,0.0,0.1666666567325592,0.0,0.1666666567325592,0.0,0.0
589,2016-06-16,"[0.         0.         0.         0.16666666 0.16666666 0.16666666
 0.16666666 0.         0.         0.         0.         0.16666666
 0.16666666]",0.9110540868153874,1.1074947854016635,0.0,0.0,0.1666666567325592,0.1666666567325592,0.1666666567325592,0.1666666567325592,0.0,0.0,0.0,0.0,0.1666666567325592,0.1666666567325592,0.0
590,2016-06-17,[0.  0.  0.  0.5 0.  0.  0.  0.  0.  0.  0.  0.  0.5],0.9105080823325573,1.0991021874164817,0.0,0.0,0.5,0.0,0.0,0.0,0.0,0.0,0.0,0.0,0.0,0.5,0.0
591,2016-06-20,"[0.         0.         0.         0.16666666 0.         0.16666666
 0.16666666 0.         0.16666666 0.         0.16666666 0.16666666
 0.        ]",0.908910588707765,1.1065954641358928,0.0,0.0,0.1666666567325592,0.0,0.1666666567325592,0.1666666567325592,0.0,0.1666666567325592,0.0,0.1666666567325592,0.1666666567325592,0.0,0.0
592,2016-06-21,"[0.         0.         0.14285715 0.         0.14285715 0.
 0.14285715 0.         0.         0.14285715 0.14285715 0.14285715
 0.14285715]",0.9057150946117251,1.1118877720868494,0.0,0.1428571492433548,0.0,0.1428571492433548,0.0,0.1428571492433548,0.0,0.0,0.1428571492433548,0.1428571492433548,0.1428571492433548,0.1428571492433548,0.0
593,2016-06-22,[0.   0.   0.25 0.   0.   0.25 0.25 0.25 0.   0.   0.   0.   0.  ],0.9044771508901109,1.1111289351579556,0.0,0.25,0.0,0.0,0.25,0.25,0.25,0.0,0.0,0.0,0.0,0.0,0.0
594,2016-06-23,"[0.         0.         0.         0.         0.16666666 0.16666666
 0.16666666 0.16666666 0.         0.16666666 0.16666666 0.
 0.        ]",0.9042413331619009,1.1116185180006033,0.0,0.0,0.0,0.1666666567325592,0.1666666567325592,0.1666666567325592,0.1666666567325592,0.0,0.1666666567325592,0.1666666567325592,0.0,0.0,0.0
595,2016-06-24,"[0.         0.         0.         0.         0.14285715 0.14285715
 0.         0.14285715 0.14285715 0.14285715 0.         0.14285715
 0.14285715]",0.9123434367092615,1.1213599820634907,0.0,0.0,0.0,0.1428571492433548,0.1428571492433548,0.0,0.1428571492433548,0.1428571492433548,0.1428571492433548,0.0,0.1428571492433548,0.1428571492433548,0.0
596,2016-06-27,"[0.    0.125 0.125 0.    0.    0.    0.    0.125 0.125 0.125 0.125 0.125
 0.125]",0.8909558944728755,1.0917187547435354,0.125,0.125,0.0,0.0,0.0,0.0,0.125,0.125,0.125,0.125,0.125,0.125,0.0
597,2016-06-28,"[0.    0.    0.125 0.125 0.    0.125 0.125 0.125 0.    0.125 0.    0.125
 0.125]",0.8736900967419419,1.0726863069874357,0.0,0.125,0.125,0.0,0.125,0.125,0.125,0.0,0.125,0.0,0.125,0.125,0.0
598,2016-06-29,"[0.         0.         0.         0.         0.16666666 0.16666666
 0.16666666 0.16666666 0.         0.         0.16666666 0.
 0.16666666]",0.8648468543295315,1.0643272518730726,0.0,0.0,0.0,0.1666666567325592,0.1666666567325592,0.1666666567325592,0.1666666567325592,0.0,0.0,0.1666666567325592,0.0,0.1666666567325592,0.0
599,2016-06-30,[0.   0.   0.   0.   0.25 0.   0.25 0.   0.   0.25 0.   0.25 0.  ],0.877373211926367,1.0799087573644166,0.0,0.0,0.0,0.25,0.0,0.25,0.0,0.0,0.25,0.0,0.25,0.0,0.0
600,2016-07-01,"[0.         0.16666666 0.         0.         0.16666666 0.16666666
 0.         0.         0.16666666 0.16666666 0.16666666 0.
 0.        ]",0.8872606360017669,1.096251385877676,0.1666666567325592,0.0,0.0,0.1666666567325592,0.1666666567325592,0.0,0.0,0.1666666567325592,0.1666666567325592,0.1666666567325592,0.0,0.0,0.0
601,2016-07-05,"[0.         0.         0.         0.14285715 0.         0.14285715
 0.14285715 0.14285715 0.14285715 0.14285715 0.         0.14285715
 0.        ]",0.8925022787836464,1.1053531103282705,0.0,0.0,0.1428571492433548,0.0,0.1428571492433548,0.1428571492433548,0.1428571492433548,0.1428571492433548,0.1428571492433548,0.0,0.1428571492433548,0.0,0.0
602,2016-07-06,"[0.    0.125 0.125 0.125 0.    0.    0.    0.    0.125 0.125 0.125 0.125
 0.125]",0.8907958019886593,1.0996974935819002,0.125,0.125,0.125,0.0,0.0,0.0,0.0,0.125,0.125,0.125,0.125,0.125,0.0
603,2016-07-07,"[0.        0.3333333 0.        0.        0.        0.        0.
 0.3333333 0.        0.        0.3333333 0.        0.       ]",0.8835986216316604,1.0939357023973755,0.3333333134651184,0.0,0.0,0.0,0.0,0.0,0.3333333134651184,0.0,0.0,0.3333333134651184,0.0,0.0,0.0
604,2016-07-08,"[0.         0.16666666 0.16666666 0.16666666 0.         0.
 0.         0.         0.16666666 0.16666666 0.         0.
 0.16666666]",0.9047345853566156,1.1084595460271562,0.1666666567325592,0.1666666567325592,0.1666666567325592,0.0,0.0,0.0,0.0,0.1666666567325592,0.1666666567325592,0.0,0.0,0.1666666567325592,0.0
605,2016-07-11,"[0.    0.    0.125 0.125 0.125 0.    0.125 0.125 0.    0.125 0.125 0.125
 0.   ]",0.9190157773475944,1.1254844780987434,0.0,0.125,0.125,0.125,0.0,0.125,0.125,0.0,0.125,0.125,0.125,0.0,0.0
606,2016-07-12,"[0.         0.14285715 0.14285715 0.14285715 0.         0.14285715
 0.14285715 0.14285715 0.14285715 0.         0.         0.
 0.        ]",0.9328469642958899,1.1405709500207688,0.1428571492433548,0.1428571492433548,0.1428571492433548,0.0,0.1428571492433548,0.1428571492433548,0.1428571492433548,0.1428571492433548,0.0,0.0,0.0,0.0,0.0
607,2016-07-13,"[0.    0.    0.    0.125 0.125 0.125 0.    0.125 0.125 0.    0.125 0.125
 0.125]",0.939057530018286,1.148261921750151,0.0,0.0,0.125,0.125,0.125,0.0,0.125,0.125,0.0,0.125,0.125,0.125,0.0
608,2016-07-14,"[0.         0.16666666 0.         0.16666666 0.16666666 0.
 0.         0.16666666 0.         0.16666666 0.16666666 0.
 0.        ]",0.9438753178714792,1.154425350023378,0.1666666567325592,0.0,0.1666666567325592,0.1666666567325592,0.0,0.0,0.1666666567325592,0.0,0.1666666567325592,0.1666666567325592,0.0,0.0,0.0
609,2016-07-15,"[0.    0.125 0.    0.    0.125 0.125 0.125 0.    0.125 0.125 0.125 0.
 0.125]",0.953916560208394,1.1680040298626024,0.125,0.0,0.0,0.125,0.125,0.125,0.0,0.125,0.125,0.125,0.0,0.125,0.0
610,2016-07-18,"[0.         0.         0.         0.14285715 0.14285715 0.
 0.14285715 0.14285715 0.14285715 0.         0.14285715 0.
 0.14285715]",0.9581183470524116,1.1684367429834308,0.0,0.0,0.1428571492433548,0.1428571492433548,0.0,0.1428571492433548,0.1428571492433548,0.1428571492433548,0.0,0.1428571492433548,0.0,0.1428571492433548,0.0
611,2016-07-19,"[0.        0.        0.        0.        0.        0.        0.
 0.        0.3333333 0.        0.        0.3333333 0.3333333]",0.9563393966559239,1.1651593926628898,0.0,0.0,0.0,0.0,0.0,0.0,0.0,0.3333333134651184,0.0,0.0,0.3333333134651184,0.3333333134651184,0.0
612,2016-07-20,[0.  0.  0.2 0.2 0.  0.2 0.  0.  0.  0.  0.2 0.2 0. ],0.9543524155473581,1.1611731482683014,0.0,0.20000000298023224,0.20000000298023224,0.0,0.20000000298023224,0.0,0.0,0.0,0.0,0.20000000298023224,0.20000000298023224,0.0,0.0
613,2016-07-21,"[0.    0.    0.125 0.125 0.125 0.125 0.125 0.    0.125 0.    0.125 0.125
 0.   ]",0.9476373706176809,1.162764541921902,0.0,0.125,0.125,0.125,0.125,0.125,0.0,0.125,0.0,0.125,0.125,0.0,0.0
614,2016-07-22,[0.   0.   0.   0.25 0.   0.25 0.   0.   0.   0.   0.25 0.   0.25],0.943742331975973,1.1592397893184954,0.0,0.0,0.25,0.0,0.25,0.0,0.0,0.0,0.0,0.25,0.0,0.25,0.0
615,2016-07-25,"[0.         0.16666666 0.         0.         0.         0.
 0.16666666 0.         0.         0.16666666 0.16666666 0.16666666
 0.16666666]",0.9464893773105515,1.1615168950740415,0.1666666567325592,0.0,0.0,0.0,0.0,0.1666666567325592,0.0,0.0,0.1666666567325592,0.1666666567325592,0.1666666567325592,0.1666666567325592,0.0
616,2016-07-26,"[0.         0.         0.16666666 0.         0.16666666 0.16666666
 0.16666666 0.         0.         0.         0.16666666 0.
 0.16666666]",0.9432006534858907,1.1615854302341173,0.0,0.1666666567325592,0.0,0.1666666567325592,0.1666666567325592,0.1666666567325592,0.0,0.0,0.0,0.1666666567325592,0.0,0.1666666567325592,0.0
617,2016-07-27,[0.   0.   0.25 0.   0.   0.   0.25 0.   0.25 0.   0.25 0.   0.  ],0.9470002753440477,1.1632886387650843,0.0,0.25,0.0,0.0,0.0,0.25,0.0,0.25,0.0,0.25,0.0,0.0,0.0
618,2016-07-28,"[0.         0.16666666 0.         0.16666666 0.         0.16666666
 0.         0.16666666 0.         0.16666666 0.         0.
 0.16666666]",0.9517251519704566,1.18086798313198,0.1666666567325592,0.0,0.1666666567325592,0.0,0.1666666567325592,0.0,0.1666666567325592,0.0,0.1666666567325592,0.0,0.0,0.1666666567325592,0.0
619,2016-07-29,"[0.         0.         0.14285715 0.         0.14285715 0.
 0.         0.         0.14285715 0.14285715 0.14285715 0.14285715
 0.14285715]",0.9561617936324345,1.182886959281874,0.0,0.1428571492433548,0.0,0.1428571492433548,0.0,0.0,0.0,0.1428571492433548,0.1428571492433548,0.1428571492433548,0.1428571492433548,0.1428571492433548,0.0
620,2016-08-01,"[0.        0.        0.        0.        0.        0.        0.3333333
 0.        0.        0.        0.3333333 0.3333333 0.       ]",0.9568749404706072,1.183750448050135,0.0,0.0,0.0,0.0,0.0,0.3333333134651184,0.0,0.0,0.0,0.3333333134651184,0.3333333134651184,0.0,0.0
621,2016-08-02,"[0.         0.         0.         0.16666666 0.16666666 0.16666666
 0.16666666 0.         0.16666666 0.         0.16666666 0.
 0.        ]",0.9403176762137101,1.18134544832037,0.0,0.0,0.1666666567325592,0.1666666567325592,0.1666666567325592,0.1666666567325592,0.0,0.1666666567325592,0.0,0.1666666567325592,0.0,0.0,0.0
622,2016-08-03,[0.  0.2 0.  0.  0.2 0.  0.  0.2 0.2 0.  0.2 0.  0. ],0.9408986029856228,1.1752512469224967,0.20000000298023224,0.0,0.0,0.20000000298023224,0.0,0.0,0.20000000298023224,0.20000000298023224,0.0,0.20000000298023224,0.0,0.0,0.0
623,2016-08-04,"[0.         0.         0.         0.         0.         0.16666666
 0.         0.16666666 0.16666666 0.16666666 0.16666666 0.
 0.16666666]",0.9307371979098316,1.1573963430414396,0.0,0.0,0.0,0.0,0.1666666567325592,0.0,0.1666666567325592,0.1666666567325592,0.1666666567325592,0.1666666567325592,0.0,0.1666666567325592,0.0
624,2016-08-05,"[0.         0.         0.16666666 0.16666666 0.         0.16666666
 0.         0.         0.         0.         0.16666666 0.16666666
 0.16666666]",0.9325360606488848,1.1635043695508813,0.0,0.1666666567325592,0.1666666567325592,0.0,0.1666666567325592,0.0,0.0,0.0,0.0,0.1666666567325592,0.1666666567325592,0.1666666567325592,0.0
625,2016-08-08,"[0.         0.         0.16666666 0.         0.         0.16666666
 0.         0.16666666 0.         0.16666666 0.16666666 0.16666666
 0.        ]",0.9453001048647719,1.1599734166553408,0.0,0.1666666567325592,0.0,0.0,0.1666666567325592,0.0,0.1666666567325592,0.0,0.1666666567325592,0.1666666567325592,0.1666666567325592,0.0,0.0
626,2016-08-09,"[0.         0.         0.         0.14285715 0.14285715 0.
 0.         0.14285715 0.14285715 0.         0.14285715 0.14285715
 0.14285715]",0.9496914136384208,1.17047405872016,0.0,0.0,0.1428571492433548,0.1428571492433548,0.0,0.0,0.1428571492433548,0.1428571492433548,0.0,0.1428571492433548,0.1428571492433548,0.1428571492433548,0.0
627,2016-08-10,"[0.         0.16666666 0.         0.         0.         0.
 0.16666666 0.16666666 0.16666666 0.16666666 0.         0.
 0.16666666]",0.9363382972691331,1.1614985547324292,0.1666666567325592,0.0,0.0,0.0,0.0,0.1666666567325592,0.1666666567325592,0.1666666567325592,0.1666666567325592,0.0,0.0,0.1666666567325592,0.0
628,2016-08-11,"[0.         0.16666666 0.16666666 0.         0.         0.16666666
 0.         0.16666666 0.         0.         0.         0.16666666
 0.16666666]",0.9390834599627563,1.1661718314032754,0.1666666567325592,0.1666666567325592,0.0,0.0,0.1666666567325592,0.0,0.1666666567325592,0.0,0.0,0.0,0.1666666567325592,0.1666666567325592,0.0
629,2016-08-12,"[0.         0.14285715 0.         0.14285715 0.14285715 0.
 0.         0.14285715 0.14285715 0.         0.         0.14285715
 0.14285715]",0.9330354065757085,1.1603614280960957,0.1428571492433548,0.0,0.1428571492433548,0.1428571492433548,0.0,0.0,0.1428571492433548,0.1428571492433548,0.0,0.0,0.1428571492433548,0.1428571492433548,0.0
630,2016-08-15,[0.  0.2 0.  0.2 0.2 0.  0.  0.  0.  0.  0.2 0.2 0. ],0.9331787907241454,1.1598545890684593,0.20000000298023224,0.0,0.20000000298023224,0.20000000298023224,0.0,0.0,0.0,0.0,0.0,0.20000000298023224,0.20000000298023224,0.0,0.0
631,2016-08-16,[0.   0.   0.   0.   0.   0.   0.   0.25 0.   0.25 0.25 0.   0.25],0.9434435055712131,1.1658307518548836,0.0,0.0,0.0,0.0,0.0,0.0,0.25,0.0,0.25,0.25,0.0,0.25,0.0
632,2016-08-17,"[0.         0.16666666 0.         0.         0.         0.
 0.16666666 0.16666666 0.         0.16666666 0.16666666 0.16666666
 0.        ]",0.9404162808034701,1.1668460995573224,0.1666666567325592,0.0,0.0,0.0,0.0,0.1666666567325592,0.1666666567325592,0.0,0.1666666567325592,0.1666666567325592,0.1666666567325592,0.0,0.0
633,2016-08-18,"[0.        0.1111111 0.        0.1111111 0.        0.1111111 0.1111111
 0.1111111 0.1111111 0.        0.1111111 0.1111111 0.1111111]",0.9498470995029372,1.1717057470712566,0.1111111044883728,0.0,0.1111111044883728,0.0,0.1111111044883728,0.1111111044883728,0.1111111044883728,0.1111111044883728,0.0,0.1111111044883728,0.1111111044883728,0.1111111044883728,0.0
634,2016-08-19,[0.  0.2 0.2 0.  0.2 0.  0.2 0.  0.2 0.  0.  0.  0. ],0.9493605270370997,1.1711244650318735,0.20000000298023224,0.20000000298023224,0.0,0.20000000298023224,0.0,0.20000000298023224,0.0,0.20000000298023224,0.0,0.0,0.0,0.0,0.0
635,2016-08-22,"[0.    0.125 0.125 0.    0.125 0.125 0.125 0.    0.125 0.125 0.    0.125
 0.   ]",0.9488879149567127,1.1701569474888607,0.125,0.125,0.0,0.125,0.125,0.125,0.0,0.125,0.125,0.0,0.125,0.0,0.0
636,2016-08-23,[0.  0.  0.  0.2 0.2 0.  0.  0.  0.  0.  0.2 0.2 0.2],0.9473430685154351,1.1713495204842725,0.0,0.0,0.20000000298023224,0.20000000298023224,0.0,0.0,0.0,0.0,0.0,0.20000000298023224,0.20000000298023224,0.20000000298023224,0.0
637,2016-08-24,"[0.        0.1111111 0.1111111 0.1111111 0.1111111 0.1111111 0.1111111
 0.        0.1111111 0.        0.1111111 0.1111111 0.       ]",0.9648991643062006,1.1826323673319408,0.1111111044883728,0.1111111044883728,0.1111111044883728,0.1111111044883728,0.1111111044883728,0.1111111044883728,0.0,0.1111111044883728,0.0,0.1111111044883728,0.1111111044883728,0.0,0.0
638,2016-08-25,[0.   0.   0.   0.   0.25 0.25 0.   0.25 0.25 0.   0.   0.   0.  ],0.9627815718455391,1.17880351460126,0.0,0.0,0.0,0.25,0.25,0.0,0.25,0.25,0.0,0.0,0.0,0.0,0.0
639,2016-08-26,[0.   0.25 0.   0.   0.   0.   0.   0.25 0.   0.25 0.   0.25 0.  ],0.951428236846304,1.171697822855771,0.25,0.0,0.0,0.0,0.0,0.0,0.25,0.0,0.25,0.0,0.25,0.0,0.0
640,2016-08-29,"[0.         0.         0.         0.         0.16666666 0.
 0.16666666 0.16666666 0.         0.16666666 0.         0.16666666
 0.16666666]",0.9574211441525489,1.1755066391534499,0.0,0.0,0.0,0.1666666567325592,0.0,0.1666666567325592,0.1666666567325592,0.0,0.1666666567325592,0.0,0.1666666567325592,0.1666666567325592,0.0
641,2016-08-30,"[0.        0.        0.        0.        0.        0.3333333 0.
 0.        0.3333333 0.3333333 0.        0.        0.       ]",0.9584388674568551,1.1789570122557447,0.0,0.0,0.0,0.0,0.3333333134651184,0.0,0.0,0.3333333134651184,0.3333333134651184,0.0,0.0,0.0,0.0
642,2016-08-31,"[0.         0.16666666 0.         0.16666666 0.         0.
 0.16666666 0.16666666 0.         0.         0.16666666 0.
 0.16666666]",0.9614178160888424,1.1806449245073056,0.1666666567325592,0.0,0.1666666567325592,0.0,0.0,0.1666666567325592,0.1666666567325592,0.0,0.0,0.1666666567325592,0.0,0.1666666567325592,0.0
643,2016-09-01,"[0.         0.16666666 0.         0.         0.16666666 0.
 0.16666666 0.         0.         0.16666666 0.16666666 0.
 0.16666666]",0.960009463330227,1.182253399409327,0.1666666567325592,0.0,0.0,0.1666666567325592,0.0,0.1666666567325592,0.0,0.0,0.1666666567325592,0.1666666567325592,0.0,0.1666666567325592,0.0
644,2016-09-02,"[0.        0.        0.        0.3333333 0.3333333 0.        0.
 0.        0.        0.        0.3333333 0.        0.       ]",0.959914130550947,1.175848217178397,0.0,0.0,0.3333333134651184,0.3333333134651184,0.0,0.0,0.0,0.0,0.0,0.3333333134651184,0.0,0.0,0.0
645,2016-09-06,"[0.    0.125 0.125 0.    0.125 0.125 0.125 0.125 0.    0.125 0.    0.125
 0.   ]",0.9506891745169544,1.1750334514147798,0.125,0.125,0.0,0.125,0.125,0.125,0.125,0.0,0.125,0.0,0.125,0.0,0.0
646,2016-09-07,"[0.         0.         0.14285715 0.         0.14285715 0.14285715
 0.14285715 0.         0.         0.14285715 0.         0.14285715
 0.14285715]",0.9576326203803865,1.1784026644131873,0.0,0.1428571492433548,0.0,0.1428571492433548,0.1428571492433548,0.1428571492433548,0.0,0.0,0.1428571492433548,0.0,0.1428571492433548,0.1428571492433548,0.0
647,2016-09-08,"[0.    0.125 0.    0.    0.125 0.125 0.125 0.125 0.125 0.    0.125 0.
 0.125]",0.9517826975023604,1.1726080497279712,0.125,0.0,0.0,0.125,0.125,0.125,0.125,0.125,0.0,0.125,0.0,0.125,0.0
648,2016-09-09,"[0.         0.         0.         0.         0.16666666 0.16666666
 0.         0.16666666 0.         0.16666666 0.16666666 0.
 0.16666666]",0.9480513893298123,1.169537870944252,0.0,0.0,0.0,0.1666666567325592,0.1666666567325592,0.0,0.1666666567325592,0.0,0.1666666567325592,0.1666666567325592,0.0,0.1666666567325592,0.0
649,2016-09-12,"[0.    0.125 0.125 0.    0.    0.125 0.    0.    0.125 0.125 0.125 0.125
 0.125]",0.9407483213804965,1.1642905404221588,0.125,0.125,0.0,0.0,0.125,0.0,0.0,0.125,0.125,0.125,0.125,0.125,0.0
650,2016-09-13,"[0.         0.14285715 0.14285715 0.14285715 0.14285715 0.
 0.         0.14285715 0.14285715 0.         0.         0.
 0.14285715]",0.9151743610500781,1.1417776960552628,0.1428571492433548,0.1428571492433548,0.1428571492433548,0.1428571492433548,0.0,0.0,0.1428571492433548,0.1428571492433548,0.0,0.0,0.0,0.1428571492433548,0.0
651,2016-09-14,[0.  0.  0.2 0.2 0.  0.2 0.2 0.  0.  0.  0.  0.2 0. ],0.919793955404443,1.1501313339789347,0.0,0.20000000298023224,0.20000000298023224,0.0,0.20000000298023224,0.20000000298023224,0.0,0.0,0.0,0.0,0.20000000298023224,0.0,0.0
652,2016-09-15,"[0.         0.         0.         0.16666666 0.         0.
 0.16666666 0.16666666 0.16666666 0.         0.         0.16666666
 0.16666666]",0.9132114822091354,1.1434338110066433,0.0,0.0,0.1666666567325592,0.0,0.0,0.1666666567325592,0.1666666567325592,0.1666666567325592,0.0,0.0,0.1666666567325592,0.1666666567325592,0.0
653,2016-09-16,[0.  0.  0.  0.2 0.  0.2 0.2 0.2 0.2 0.  0.  0.  0. ],0.915447341778039,1.1436310301464434,0.0,0.0,0.20000000298023224,0.0,0.20000000298023224,0.20000000298023224,0.20000000298023224,0.20000000298023224,0.0,0.0,0.0,0.0,0.0
654,2016-09-19,"[0.        0.1111111 0.1111111 0.1111111 0.1111111 0.        0.1111111
 0.1111111 0.1111111 0.        0.1111111 0.        0.1111111]",0.9229131236213867,1.155639733622111,0.1111111044883728,0.1111111044883728,0.1111111044883728,0.1111111044883728,0.0,0.1111111044883728,0.1111111044883728,0.1111111044883728,0.0,0.1111111044883728,0.0,0.1111111044883728,0.0
655,2016-09-20,[0.  0.  0.2 0.2 0.  0.  0.  0.  0.  0.2 0.  0.2 0.2],0.9237151503963523,1.1553149117872519,0.0,0.20000000298023224,0.20000000298023224,0.0,0.0,0.0,0.0,0.0,0.20000000298023224,0.0,0.20000000298023224,0.20000000298023224,0.0
656,2016-09-21,"[0.         0.16666666 0.         0.         0.         0.16666666
 0.         0.16666666 0.16666666 0.         0.         0.16666666
 0.16666666]",0.9242423276262912,1.1548413847639065,0.1666666567325592,0.0,0.0,0.0,0.1666666567325592,0.0,0.1666666567325592,0.1666666567325592,0.0,0.0,0.1666666567325592,0.1666666567325592,0.0
657,2016-09-22,[0.  0.  0.  0.  0.  0.  0.  0.  0.  0.  0.5 0.  0.5],0.9262312892856929,1.1537312236746693,0.0,0.0,0.0,0.0,0.0,0.0,0.0,0.0,0.0,0.5,0.0,0.5,0.0
658,2016-09-23,[0.   0.   0.25 0.25 0.   0.25 0.   0.25 0.   0.   0.   0.   0.  ],0.9336921706836124,1.1698511927602484,0.0,0.25,0.25,0.0,0.25,0.0,0.25,0.0,0.0,0.0,0.0,0.0,0.0
659,2016-09-26,"[0.         0.         0.         0.16666666 0.         0.16666666
 0.16666666 0.16666666 0.         0.16666666 0.         0.
 0.16666666]",0.9333938843593658,1.1714528593643936,0.0,0.0,0.1666666567325592,0.0,0.1666666567325592,0.1666666567325592,0.1666666567325592,0.0,0.1666666567325592,0.0,0.0,0.1666666567325592,0.0
660,2016-09-27,"[0.         0.         0.14285715 0.         0.14285715 0.
 0.14285715 0.14285715 0.14285715 0.14285715 0.         0.
 0.14285715]",0.9252913609735266,1.1583716558253045,0.0,0.1428571492433548,0.0,0.1428571492433548,0.0,0.1428571492433548,0.1428571492433548,0.1428571492433548,0.1428571492433548,0.0,0.0,0.1428571492433548,0.0
661,2016-09-28,"[0.         0.         0.         0.         0.         0.16666666
 0.16666666 0.16666666 0.16666666 0.16666666 0.         0.16666666
 0.        ]",0.9170837341229566,1.1465794991658518,0.0,0.0,0.0,0.0,0.1666666567325592,0.1666666567325592,0.1666666567325592,0.1666666567325592,0.1666666567325592,0.0,0.1666666567325592,0.0,0.0
662,2016-09-29,"[0.         0.         0.16666666 0.16666666 0.         0.16666666
 0.         0.         0.16666666 0.         0.         0.16666666
 0.16666666]",0.9237217591578719,1.161039796706015,0.0,0.1666666567325592,0.1666666567325592,0.0,0.1666666567325592,0.0,0.0,0.1666666567325592,0.0,0.0,0.1666666567325592,0.1666666567325592,0.0
663,2016-09-30,"[0.         0.         0.         0.16666666 0.         0.
 0.         0.16666666 0.16666666 0.         0.16666666 0.16666666
 0.16666666]",0.923771439415945,1.162263805346386,0.0,0.0,0.1666666567325592,0.0,0.0,0.0,0.1666666567325592,0.1666666567325592,0.0,0.1666666567325592,0.1666666567325592,0.1666666567325592,0.0
664,2016-10-03,[0.  0.  0.2 0.  0.2 0.2 0.  0.  0.  0.  0.2 0.2 0. ],0.914326287619746,1.1516329611343425,0.0,0.20000000298023224,0.0,0.20000000298023224,0.20000000298023224,0.0,0.0,0.0,0.0,0.20000000298023224,0.20000000298023224,0.0,0.0
665,2016-10-04,[0.   0.   0.   0.   0.25 0.   0.25 0.   0.   0.   0.25 0.25 0.  ],0.9242376776434964,1.1600831167992838,0.0,0.0,0.0,0.25,0.0,0.25,0.0,0.0,0.0,0.25,0.25,0.0,0.0
666,2016-10-05,"[0.    0.    0.    0.125 0.125 0.    0.125 0.    0.125 0.125 0.125 0.125
 0.125]",0.9247097575040527,1.1619091467003524,0.0,0.0,0.125,0.125,0.0,0.125,0.0,0.125,0.125,0.125,0.125,0.125,0.0
667,2016-10-06,"[0.    0.125 0.125 0.125 0.125 0.    0.    0.    0.125 0.125 0.    0.125
 0.125]",0.9275739499218324,1.166823392522226,0.125,0.125,0.125,0.125,0.0,0.0,0.0,0.125,0.125,0.0,0.125,0.125,0.0
668,2016-10-07,"[0.         0.         0.         0.14285715 0.14285715 0.14285715
 0.         0.         0.         0.14285715 0.14285715 0.14285715
 0.14285715]",0.9298548111143442,1.1688841557983207,0.0,0.0,0.1428571492433548,0.1428571492433548,0.1428571492433548,0.0,0.0,0.0,0.1428571492433548,0.1428571492433548,0.1428571492433548,0.1428571492433548,0.0
669,2016-10-10,"[0.    0.125 0.125 0.125 0.125 0.    0.125 0.    0.    0.    0.125 0.125
 0.125]",0.9383101184630813,1.1772840154898123,0.125,0.125,0.125,0.125,0.0,0.125,0.0,0.0,0.0,0.125,0.125,0.125,0.0
670,2016-10-11,"[0.         0.         0.         0.         0.         0.14285715
 0.14285715 0.14285715 0.14285715 0.14285715 0.         0.14285715
 0.14285715]",0.9405581543355943,1.1723098366811118,0.0,0.0,0.0,0.0,0.1428571492433548,0.1428571492433548,0.1428571492433548,0.1428571492433548,0.1428571492433548,0.0,0.1428571492433548,0.1428571492433548,0.0
671,2016-10-12,"[0.    0.125 0.125 0.    0.125 0.125 0.    0.    0.125 0.125 0.125 0.
 0.125]",0.9311174997546768,1.1644708872876468,0.125,0.125,0.0,0.125,0.125,0.0,0.0,0.125,0.125,0.125,0.0,0.125,0.0
672,2016-10-13,[0.  0.  0.  0.2 0.  0.2 0.  0.  0.  0.2 0.2 0.  0.2],0.9202136128349234,1.151211513988335,0.0,0.0,0.20000000298023224,0.0,0.20000000298023224,0.0,0.0,0.0,0.20000000298023224,0.20000000298023224,0.0,0.20000000298023224,0.0
673,2016-10-14,[0.  0.  0.2 0.2 0.  0.2 0.  0.  0.  0.2 0.  0.  0.2],0.9094202803103507,1.1394462747428746,0.0,0.20000000298023224,0.20000000298023224,0.0,0.20000000298023224,0.0,0.0,0.0,0.20000000298023224,0.0,0.0,0.20000000298023224,0.0
674,2016-10-17,"[0.         0.16666666 0.         0.         0.16666666 0.16666666
 0.         0.16666666 0.         0.         0.16666666 0.
 0.16666666]",0.9149050589759354,1.1496030813318066,0.1666666567325592,0.0,0.0,0.1666666567325592,0.1666666567325592,0.0,0.1666666567325592,0.0,0.0,0.1666666567325592,0.0,0.1666666567325592,0.0
675,2016-10-18,[0.  0.2 0.2 0.  0.  0.2 0.2 0.  0.  0.  0.  0.2 0. ],0.908493014457465,1.143223576669006,0.20000000298023224,0.20000000298023224,0.0,0.0,0.20000000298023224,0.20000000298023224,0.0,0.0,0.0,0.0,0.20000000298023224,0.0,0.0
676,2016-10-19,[0.  0.  0.  0.2 0.2 0.2 0.  0.  0.2 0.  0.  0.  0.2],0.9034799556614489,1.1429076285728694,0.0,0.0,0.20000000298023224,0.20000000298023224,0.20000000298023224,0.0,0.0,0.20000000298023224,0.0,0.0,0.0,0.20000000298023224,0.0
677,2016-10-20,[0.  0.2 0.  0.2 0.  0.  0.2 0.2 0.  0.  0.  0.2 0. ],0.9062446068442009,1.1381572999685692,0.20000000298023224,0.0,0.20000000298023224,0.0,0.0,0.20000000298023224,0.20000000298023224,0.0,0.0,0.0,0.20000000298023224,0.0,0.0
678,2016-10-21,"[0.    0.    0.    0.125 0.125 0.    0.125 0.125 0.125 0.125 0.    0.125
 0.125]",0.9061110891357428,1.1369533645142726,0.0,0.0,0.125,0.125,0.0,0.125,0.125,0.125,0.125,0.0,0.125,0.125,0.0
679,2016-10-24,"[0.         0.16666666 0.         0.16666666 0.16666666 0.
 0.         0.         0.         0.         0.16666666 0.16666666
 0.16666666]",0.9069465936273265,1.1366006044229278,0.1666666567325592,0.0,0.1666666567325592,0.1666666567325592,0.0,0.0,0.0,0.0,0.0,0.1666666567325592,0.1666666567325592,0.1666666567325592,0.0
680,2016-10-25,[0.   0.   0.   0.   0.25 0.25 0.25 0.   0.   0.   0.   0.   0.25],0.9173983883119102,1.1451008592033438,0.0,0.0,0.0,0.25,0.25,0.25,0.0,0.0,0.0,0.0,0.0,0.25,0.0
681,2016-10-26,"[0.         0.14285715 0.14285715 0.14285715 0.         0.14285715
 0.         0.         0.         0.14285715 0.14285715 0.14285715
 0.        ]",0.9186384289743532,1.139802908743801,0.1428571492433548,0.1428571492433548,0.1428571492433548,0.0,0.1428571492433548,0.0,0.0,0.0,0.1428571492433548,0.1428571492433548,0.1428571492433548,0.0,0.0
682,2016-10-27,"[0.         0.         0.         0.14285715 0.14285715 0.14285715
 0.14285715 0.         0.14285715 0.14285715 0.         0.
 0.14285715]",0.9179784061239805,1.1383758540135225,0.0,0.0,0.1428571492433548,0.1428571492433548,0.1428571492433548,0.1428571492433548,0.0,0.1428571492433548,0.1428571492433548,0.0,0.0,0.1428571492433548,0.0
683,2016-10-28,"[0.    0.125 0.    0.    0.125 0.125 0.    0.125 0.125 0.125 0.125 0.
 0.125]",0.9293586791837436,1.1520630193250334,0.125,0.0,0.0,0.125,0.125,0.0,0.125,0.125,0.125,0.125,0.0,0.125,0.0
684,2016-10-31,"[0.         0.         0.14285715 0.14285715 0.         0.14285715
 0.14285715 0.14285715 0.14285715 0.         0.         0.
 0.14285715]",0.9244955026163498,1.1486102483936813,0.0,0.1428571492433548,0.1428571492433548,0.0,0.1428571492433548,0.1428571492433548,0.1428571492433548,0.1428571492433548,0.0,0.0,0.0,0.1428571492433548,0.0
685,2016-11-01,"[0.        0.1111111 0.1111111 0.1111111 0.1111111 0.        0.
 0.1111111 0.1111111 0.1111111 0.        0.1111111 0.1111111]",0.913527114033202,1.1377747113988272,0.1111111044883728,0.1111111044883728,0.1111111044883728,0.1111111044883728,0.0,0.0,0.1111111044883728,0.1111111044883728,0.1111111044883728,0.0,0.1111111044883728,0.1111111044883728,0.0
686,2016-11-02,"[0.         0.         0.14285715 0.14285715 0.         0.14285715
 0.14285715 0.14285715 0.         0.         0.14285715 0.
 0.14285715]",0.9148176683184042,1.1364332526845993,0.0,0.1428571492433548,0.1428571492433548,0.0,0.1428571492433548,0.1428571492433548,0.1428571492433548,0.0,0.0,0.1428571492433548,0.0,0.1428571492433548,0.0
687,2016-11-03,[0.  0.2 0.  0.  0.2 0.2 0.  0.  0.  0.  0.  0.2 0.2],0.9098293308433055,1.1284467189854759,0.20000000298023224,0.0,0.0,0.20000000298023224,0.20000000298023224,0.0,0.0,0.0,0.0,0.0,0.20000000298023224,0.20000000298023224,0.0
688,2016-11-04,"[0.         0.16666666 0.         0.16666666 0.16666666 0.16666666
 0.         0.         0.         0.16666666 0.16666666 0.
 0.        ]",0.9137384236587213,1.1257372820999743,0.1666666567325592,0.0,0.1666666567325592,0.1666666567325592,0.1666666567325592,0.0,0.0,0.0,0.1666666567325592,0.1666666567325592,0.0,0.0,0.0
689,2016-11-07,[0.   0.25 0.25 0.25 0.25 0.   0.   0.   0.   0.   0.   0.   0.  ],0.9042642415158368,1.1109726297710982,0.25,0.25,0.25,0.25,0.0,0.0,0.0,0.0,0.0,0.0,0.0,0.0,0.0
690,2016-11-08,"[0.         0.16666666 0.         0.16666666 0.16666666 0.
 0.16666666 0.         0.16666666 0.         0.16666666 0.
 0.        ]",0.9217332474013732,1.129416465042556,0.1666666567325592,0.0,0.1666666567325592,0.1666666567325592,0.0,0.1666666567325592,0.0,0.1666666567325592,0.0,0.1666666567325592,0.0,0.0,0.0
691,2016-11-09,"[0.         0.         0.16666666 0.16666666 0.16666666 0.16666666
 0.         0.         0.         0.16666666 0.         0.
 0.16666666]",0.9278444620362881,1.1350624193094807,0.0,0.1666666567325592,0.1666666567325592,0.1666666567325592,0.1666666567325592,0.0,0.0,0.0,0.1666666567325592,0.0,0.0,0.1666666567325592,0.0
692,2016-11-10,[0.   0.25 0.   0.   0.   0.   0.   0.25 0.25 0.   0.   0.   0.25],0.9417322363935805,1.1505944718467624,0.25,0.0,0.0,0.0,0.0,0.0,0.25,0.25,0.0,0.0,0.0,0.25,0.0
693,2016-11-11,"[0.         0.14285715 0.14285715 0.         0.14285715 0.14285715
 0.14285715 0.         0.         0.14285715 0.14285715 0.
 0.        ]",0.9585917056865331,1.1846279008062932,0.1428571492433548,0.1428571492433548,0.0,0.1428571492433548,0.1428571492433548,0.1428571492433548,0.0,0.0,0.1428571492433548,0.1428571492433548,0.0,0.0,0.0
694,2016-11-14,"[0.         0.         0.16666666 0.16666666 0.16666666 0.16666666
 0.         0.         0.16666666 0.         0.         0.
 0.16666666]",0.9643017425660027,1.1910330618732548,0.0,0.1666666567325592,0.1666666567325592,0.1666666567325592,0.1666666567325592,0.0,0.0,0.1666666567325592,0.0,0.0,0.0,0.1666666567325592,0.0
695,2016-11-15,"[0.        0.1111111 0.        0.1111111 0.1111111 0.        0.
 0.1111111 0.1111111 0.1111111 0.1111111 0.1111111 0.1111111]",0.9800879420870441,1.2122338762164964,0.1111111044883728,0.0,0.1111111044883728,0.1111111044883728,0.0,0.0,0.1111111044883728,0.1111111044883728,0.1111111044883728,0.1111111044883728,0.1111111044883728,0.1111111044883728,0.0
696,2016-11-16,"[0.         0.16666666 0.         0.         0.16666666 0.
 0.16666666 0.16666666 0.         0.16666666 0.16666666 0.
 0.        ]",0.9866586552944934,1.2172734824771354,0.1666666567325592,0.0,0.0,0.1666666567325592,0.0,0.1666666567325592,0.1666666567325592,0.0,0.1666666567325592,0.1666666567325592,0.0,0.0,0.0
697,2016-11-17,"[0.         0.14285715 0.         0.14285715 0.14285715 0.
 0.         0.         0.14285715 0.14285715 0.14285715 0.
 0.14285715]",0.9918220178057671,1.2191839783775027,0.1428571492433548,0.0,0.1428571492433548,0.1428571492433548,0.0,0.0,0.0,0.1428571492433548,0.1428571492433548,0.1428571492433548,0.0,0.1428571492433548,0.0
698,2016-11-18,[0.  0.2 0.  0.  0.  0.  0.  0.  0.2 0.  0.2 0.2 0.2],0.9963044315704241,1.223307971763389,0.20000000298023224,0.0,0.0,0.0,0.0,0.0,0.0,0.20000000298023224,0.0,0.20000000298023224,0.20000000298023224,0.20000000298023224,0.0
699,2016-11-21,"[0.    0.125 0.125 0.    0.125 0.    0.    0.    0.125 0.125 0.125 0.125
 0.125]",1.0139869669393478,1.2339360284264684,0.125,0.125,0.0,0.125,0.0,0.0,0.0,0.125,0.125,0.125,0.125,0.125,0.0
700,2016-11-22,[0.   0.   0.   0.25 0.   0.25 0.   0.   0.   0.   0.25 0.25 0.  ],1.0177627587297828,1.2349638299711936,0.0,0.0,0.25,0.0,0.25,0.0,0.0,0.0,0.0,0.25,0.25,0.0,0.0
701,2016-11-23,[0.  0.  0.  0.  0.2 0.2 0.  0.2 0.2 0.  0.  0.  0.2],1.0432352875035458,1.2446538897575754,0.0,0.0,0.0,0.20000000298023224,0.20000000298023224,0.0,0.20000000298023224,0.20000000298023224,0.0,0.0,0.0,0.20000000298023224,0.0
702,2016-11-25,"[0.         0.16666666 0.16666666 0.16666666 0.16666666 0.
 0.         0.16666666 0.16666666 0.         0.         0.
 0.        ]",1.0287524445545602,1.2359784352877778,0.1666666567325592,0.1666666567325592,0.1666666567325592,0.1666666567325592,0.0,0.0,0.1666666567325592,0.1666666567325592,0.0,0.0,0.0,0.0,0.0
703,2016-11-28,"[0.         0.14285715 0.14285715 0.         0.         0.
 0.         0.14285715 0.         0.14285715 0.14285715 0.14285715
 0.14285715]",1.0406964838732653,1.2447483633290524,0.1428571492433548,0.1428571492433548,0.0,0.0,0.0,0.0,0.1428571492433548,0.0,0.1428571492433548,0.1428571492433548,0.1428571492433548,0.1428571492433548,0.0
704,2016-11-29,[0.  0.2 0.  0.2 0.  0.2 0.  0.  0.2 0.  0.  0.2 0. ],1.0378117871084702,1.2403722745591281,0.20000000298023224,0.0,0.20000000298023224,0.0,0.20000000298023224,0.0,0.0,0.20000000298023224,0.0,0.0,0.20000000298023224,0.0,0.0
705,2016-11-30,"[0.         0.         0.14285715 0.         0.14285715 0.
 0.14285715 0.14285715 0.         0.14285715 0.14285715 0.
 0.14285715]",1.0334508685296064,1.2364690731258439,0.0,0.1428571492433548,0.0,0.1428571492433548,0.0,0.1428571492433548,0.1428571492433548,0.0,0.1428571492433548,0.1428571492433548,0.0,0.1428571492433548,0.0
706,2016-12-01,"[0.         0.16666666 0.16666666 0.16666666 0.         0.
 0.         0.         0.         0.16666666 0.         0.16666666
 0.16666666]",1.0389891042890809,1.2368445533240107,0.1666666567325592,0.1666666567325592,0.1666666567325592,0.0,0.0,0.0,0.0,0.0,0.1666666567325592,0.0,0.1666666567325592,0.1666666567325592,0.0
707,2016-12-02,"[0.         0.16666666 0.16666666 0.16666666 0.         0.
 0.         0.16666666 0.16666666 0.16666666 0.         0.
 0.        ]",1.0344301998848409,1.2328077890847684,0.1666666567325592,0.1666666567325592,0.1666666567325592,0.0,0.0,0.0,0.1666666567325592,0.1666666567325592,0.1666666567325592,0.0,0.0,0.0,0.0
708,2016-12-05,"[0.         0.16666666 0.16666666 0.16666666 0.16666666 0.16666666
 0.         0.         0.         0.         0.         0.
 0.16666666]",1.0303883780909395,1.2263844945220639,0.1666666567325592,0.1666666567325592,0.1666666567325592,0.1666666567325592,0.1666666567325592,0.0,0.0,0.0,0.0,0.0,0.0,0.1666666567325592,0.0
709,2016-12-06,[0.  0.  0.  0.2 0.2 0.  0.  0.2 0.2 0.  0.  0.2 0. ],1.035491759243879,1.231347712880693,0.0,0.0,0.20000000298023224,0.20000000298023224,0.0,0.0,0.20000000298023224,0.20000000298023224,0.0,0.0,0.20000000298023224,0.0,0.0
710,2016-12-07,[0.  0.2 0.  0.  0.  0.2 0.  0.  0.  0.2 0.  0.2 0.2],1.04826040025417,1.2414232971947141,0.20000000298023224,0.0,0.0,0.0,0.20000000298023224,0.0,0.0,0.0,0.20000000298023224,0.0,0.20000000298023224,0.20000000298023224,0.0
711,2016-12-08,[0.  0.  0.  0.  0.2 0.2 0.  0.  0.  0.2 0.  0.2 0.2],1.0614478104082667,1.2449732503806676,0.0,0.0,0.0,0.20000000298023224,0.20000000298023224,0.0,0.0,0.0,0.20000000298023224,0.0,0.20000000298023224,0.20000000298023224,0.0
712,2016-12-09,"[0.    0.125 0.125 0.125 0.125 0.125 0.    0.    0.    0.    0.125 0.125
 0.125]",1.0719354926481548,1.254514627842033,0.125,0.125,0.125,0.125,0.125,0.0,0.0,0.0,0.0,0.125,0.125,0.125,0.0
713,2016-12-12,"[0.         0.16666666 0.16666666 0.         0.         0.
 0.16666666 0.16666666 0.         0.16666666 0.         0.16666666
 0.        ]",1.0869800070408755,1.2685677134671405,0.1666666567325592,0.1666666567325592,0.0,0.0,0.0,0.1666666567325592,0.1666666567325592,0.0,0.1666666567325592,0.0,0.1666666567325592,0.0,0.0
714,2016-12-13,[0.   0.25 0.   0.   0.   0.25 0.   0.25 0.   0.   0.25 0.   0.  ],1.0945889963673328,1.2769924618879922,0.25,0.0,0.0,0.0,0.25,0.0,0.25,0.0,0.0,0.25,0.0,0.0,0.0
715,2016-12-14,"[0.         0.         0.16666666 0.         0.16666666 0.16666666
 0.16666666 0.         0.16666666 0.         0.16666666 0.
 0.        ]",1.1067990895326456,1.2752134062006528,0.0,0.1666666567325592,0.0,0.1666666567325592,0.1666666567325592,0.1666666567325592,0.0,0.1666666567325592,0.0,0.1666666567325592,0.0,0.0,0.0
716,2016-12-15,[0.   0.   0.   0.   0.25 0.25 0.   0.   0.25 0.   0.   0.25 0.  ],1.1065820618937987,1.2750232023225194,0.0,0.0,0.0,0.25,0.25,0.0,0.0,0.25,0.0,0.0,0.25,0.0,0.0
717,2016-12-16,"[0.    0.    0.    0.125 0.    0.125 0.    0.125 0.125 0.125 0.125 0.125
 0.125]",1.103286198670732,1.2794344838627179,0.0,0.0,0.125,0.0,0.125,0.0,0.125,0.125,0.125,0.125,0.125,0.125,0.0
718,2016-12-19,[0. 0. 0. 0. 1. 0. 0. 0. 0. 0. 0. 0. 0.],1.117500032597343,1.2913737173785043,0.0,0.0,0.0,1.0,0.0,0.0,0.0,0.0,0.0,0.0,0.0,0.0,0.0
719,2016-12-20,[0.  0.  0.2 0.2 0.  0.  0.  0.2 0.2 0.  0.  0.  0.2],1.0916219503217954,1.2683876130216443,0.0,0.20000000298023224,0.20000000298023224,0.0,0.0,0.0,0.20000000298023224,0.20000000298023224,0.0,0.0,0.0,0.20000000298023224,0.0
720,2016-12-21,"[0.    0.125 0.125 0.125 0.    0.125 0.125 0.125 0.    0.    0.125 0.
 0.125]",1.1006514332127704,1.280438241482992,0.125,0.125,0.125,0.0,0.125,0.125,0.125,0.0,0.0,0.125,0.0,0.125,0.0
721,2016-12-22,[0.   0.   0.   0.25 0.25 0.   0.   0.   0.25 0.   0.   0.   0.25],1.1075791469507836,1.2850542677164676,0.0,0.0,0.25,0.25,0.0,0.0,0.0,0.25,0.0,0.0,0.0,0.25,0.0
722,2016-12-23,[0.  0.  0.1 0.1 0.1 0.1 0.1 0.1 0.1 0.1 0.1 0.1 0. ],1.1084280439105587,1.2833458839945806,0.0,0.10000000149011612,0.10000000149011612,0.10000000149011612,0.10000000149011612,0.10000000149011612,0.10000000149011612,0.10000000149011612,0.10000000149011612,0.10000000149011612,0.10000000149011612,0.0,0.0
723,2016-12-27,"[0.         0.14285715 0.14285715 0.         0.         0.14285715
 0.         0.14285715 0.         0.14285715 0.         0.14285715
 0.14285715]",1.1053166959367882,1.2794867948296518,0.1428571492433548,0.1428571492433548,0.0,0.0,0.1428571492433548,0.0,0.1428571492433548,0.0,0.1428571492433548,0.0,0.1428571492433548,0.1428571492433548,0.0
724,2016-12-28,"[0.        0.        0.        0.        0.3333333 0.        0.3333333
 0.        0.        0.        0.3333333 0.        0.       ]",1.1196421482266805,1.2915493729634675,0.0,0.0,0.0,0.3333333134651184,0.0,0.3333333134651184,0.0,0.0,0.0,0.3333333134651184,0.0,0.0,0.0
725,2016-12-29,"[0.         0.14285715 0.         0.14285715 0.         0.
 0.14285715 0.         0.14285715 0.14285715 0.         0.14285715
 0.14285715]",1.1301924097695715,1.304394690640867,0.1428571492433548,0.0,0.1428571492433548,0.0,0.0,0.1428571492433548,0.0,0.1428571492433548,0.1428571492433548,0.0,0.1428571492433548,0.1428571492433548,0.0
726,2016-12-30,"[0.         0.         0.         0.16666666 0.16666666 0.16666666
 0.16666666 0.16666666 0.         0.         0.16666666 0.
 0.        ]",1.113347010569079,1.2888573898013276,0.0,0.0,0.1666666567325592,0.1666666567325592,0.1666666567325592,0.1666666567325592,0.1666666567325592,0.0,0.0,0.1666666567325592,0.0,0.0,0.0
727,2017-01-03,"[0.         0.14285715 0.         0.         0.         0.14285715
 0.14285715 0.         0.         0.14285715 0.14285715 0.14285715
 0.14285715]",1.1169259276143497,1.292360435707659,0.1428571492433548,0.0,0.0,0.0,0.1428571492433548,0.1428571492433548,0.0,0.0,0.1428571492433548,0.1428571492433548,0.1428571492433548,0.1428571492433548,0.0
728,2017-01-04,"[0.         0.16666666 0.16666666 0.16666666 0.16666666 0.
 0.16666666 0.         0.         0.         0.16666666 0.
 0.        ]",1.121450023105731,1.2979525679867727,0.1666666567325592,0.1666666567325592,0.1666666567325592,0.1666666567325592,0.0,0.1666666567325592,0.0,0.0,0.0,0.1666666567325592,0.0,0.0,0.0
729,2017-01-05,[0.  0.  0.2 0.2 0.  0.  0.  0.2 0.2 0.  0.  0.  0.2],1.1116808359195713,1.3135001565921642,0.0,0.20000000298023224,0.20000000298023224,0.0,0.0,0.0,0.20000000298023224,0.20000000298023224,0.0,0.0,0.0,0.20000000298023224,0.0
730,2017-01-06,"[0.         0.         0.16666666 0.         0.16666666 0.16666666
 0.16666666 0.16666666 0.         0.16666666 0.         0.
 0.        ]",1.1182282567701072,1.316850999193025,0.0,0.1666666567325592,0.0,0.1666666567325592,0.1666666567325592,0.1666666567325592,0.1666666567325592,0.0,0.1666666567325592,0.0,0.0,0.0,0.0
731,2017-01-09,"[0.         0.16666666 0.         0.         0.16666666 0.
 0.         0.16666666 0.16666666 0.         0.         0.16666666
 0.16666666]",1.1210968058831476,1.314621723374746,0.1666666567325592,0.0,0.0,0.1666666567325592,0.0,0.0,0.1666666567325592,0.1666666567325592,0.0,0.0,0.1666666567325592,0.1666666567325592,0.0
732,2017-01-10,"[0.        0.1111111 0.1111111 0.1111111 0.        0.1111111 0.1111111
 0.1111111 0.1111111 0.        0.1111111 0.1111111 0.       ]",1.1178419238414263,1.3100208344322035,0.1111111044883728,0.1111111044883728,0.1111111044883728,0.0,0.1111111044883728,0.1111111044883728,0.1111111044883728,0.1111111044883728,0.0,0.1111111044883728,0.1111111044883728,0.0,0.0
733,2017-01-11,[0.   0.25 0.25 0.   0.   0.   0.   0.   0.   0.   0.25 0.25 0.  ],1.1189765148703552,1.3108506677340053,0.25,0.25,0.0,0.0,0.0,0.0,0.0,0.0,0.0,0.25,0.25,0.0,0.0
734,2017-01-12,"[0.         0.16666666 0.         0.         0.         0.16666666
 0.16666666 0.16666666 0.16666666 0.         0.16666666 0.
 0.        ]",1.120179948607066,1.313649530629785,0.1666666567325592,0.0,0.0,0.0,0.1666666567325592,0.1666666567325592,0.1666666567325592,0.1666666567325592,0.0,0.1666666567325592,0.0,0.0,0.0
735,2017-01-13,"[0.         0.         0.14285715 0.14285715 0.         0.14285715
 0.         0.14285715 0.14285715 0.         0.         0.14285715
 0.14285715]",1.1040638586755842,1.3074500378602059,0.0,0.1428571492433548,0.1428571492433548,0.0,0.1428571492433548,0.0,0.1428571492433548,0.1428571492433548,0.0,0.0,0.1428571492433548,0.1428571492433548,0.0
736,2017-01-17,"[0.         0.14285715 0.14285715 0.14285715 0.14285715 0.14285715
 0.         0.14285715 0.         0.14285715 0.         0.
 0.        ]",1.1033041191129866,1.3058815308471903,0.1428571492433548,0.1428571492433548,0.1428571492433548,0.1428571492433548,0.1428571492433548,0.0,0.1428571492433548,0.0,0.1428571492433548,0.0,0.0,0.0,0.0
737,2017-01-18,[0.  0.  0.  0.  0.  0.5 0.  0.  0.5 0.  0.  0.  0. ],1.0930744616775683,1.3030394505910834,0.0,0.0,0.0,0.0,0.5,0.0,0.0,0.5,0.0,0.0,0.0,0.0,0.0
738,2017-01-19,[0.  0.  0.2 0.2 0.  0.2 0.2 0.2 0.  0.  0.  0.  0. ],1.0947447713511511,1.298615151030667,0.0,0.20000000298023224,0.20000000298023224,0.0,0.20000000298023224,0.20000000298023224,0.20000000298023224,0.0,0.0,0.0,0.0,0.0,0.0
739,2017-01-20,"[0.    0.125 0.    0.125 0.125 0.125 0.125 0.125 0.    0.    0.125 0.125
 0.   ]",1.0925951643726792,1.2912128698732601,0.125,0.0,0.125,0.125,0.125,0.125,0.125,0.0,0.0,0.125,0.125,0.0,0.0
740,2017-01-23,[0.   0.25 0.25 0.   0.25 0.   0.   0.   0.25 0.   0.   0.   0.  ],1.0818477219505416,1.281468986216767,0.25,0.25,0.0,0.25,0.0,0.0,0.0,0.25,0.0,0.0,0.0,0.0,0.0
741,2017-01-24,"[0.         0.         0.         0.16666666 0.16666666 0.
 0.16666666 0.         0.16666666 0.         0.16666666 0.16666666
 0.        ]",1.0494445637503906,1.2717153643515526,0.0,0.0,0.1666666567325592,0.1666666567325592,0.0,0.1666666567325592,0.0,0.1666666567325592,0.0,0.1666666567325592,0.1666666567325592,0.0,0.0
742,2017-01-25,[0.   0.25 0.25 0.   0.   0.25 0.   0.   0.   0.25 0.   0.   0.  ],1.046951943345805,1.268830241462044,0.25,0.25,0.0,0.0,0.25,0.0,0.0,0.0,0.25,0.0,0.0,0.0,0.0
743,2017-01-26,[0.  0.2 0.  0.2 0.2 0.2 0.  0.  0.  0.  0.2 0.  0. ],1.0689985115260188,1.2854592001201512,0.20000000298023224,0.0,0.20000000298023224,0.20000000298023224,0.20000000298023224,0.0,0.0,0.0,0.0,0.20000000298023224,0.0,0.0,0.0
744,2017-01-27,"[0.         0.14285715 0.14285715 0.         0.14285715 0.14285715
 0.         0.         0.         0.14285715 0.14285715 0.14285715
 0.        ]",1.0774038525274576,1.2907622310777713,0.1428571492433548,0.1428571492433548,0.0,0.1428571492433548,0.1428571492433548,0.0,0.0,0.0,0.1428571492433548,0.1428571492433548,0.1428571492433548,0.0,0.0
745,2017-01-30,"[0.        0.3333333 0.        0.        0.        0.        0.3333333
 0.        0.        0.        0.        0.        0.3333333]",1.066609308288377,1.287174396667438,0.3333333134651184,0.0,0.0,0.0,0.0,0.3333333134651184,0.0,0.0,0.0,0.0,0.0,0.3333333134651184,0.0
746,2017-01-31,[0.   0.25 0.   0.25 0.   0.25 0.   0.   0.   0.   0.25 0.   0.  ],1.064805743346109,1.282835143453908,0.25,0.0,0.25,0.0,0.25,0.0,0.0,0.0,0.0,0.25,0.0,0.0,0.0
747,2017-02-01,[0.  0.  0.2 0.  0.2 0.2 0.2 0.  0.  0.  0.2 0.  0. ],1.0602329720129064,1.2736654872614397,0.0,0.20000000298023224,0.0,0.20000000298023224,0.20000000298023224,0.20000000298023224,0.0,0.0,0.0,0.20000000298023224,0.0,0.0,0.0
748,2017-02-02,"[0.         0.         0.         0.         0.14285715 0.14285715
 0.         0.14285715 0.         0.14285715 0.14285715 0.14285715
 0.14285715]",1.0663883704234947,1.2856456454958034,0.0,0.0,0.0,0.1428571492433548,0.1428571492433548,0.0,0.1428571492433548,0.0,0.1428571492433548,0.1428571492433548,0.1428571492433548,0.1428571492433548,0.0
749,2017-02-03,"[0.    0.125 0.    0.125 0.    0.    0.125 0.125 0.    0.125 0.125 0.125
 0.125]",1.0535540299105413,1.272258719948344,0.125,0.0,0.125,0.0,0.0,0.125,0.125,0.0,0.125,0.125,0.125,0.125,0.0
750,2017-02-06,"[0.         0.         0.         0.16666666 0.16666666 0.16666666
 0.16666666 0.         0.16666666 0.16666666 0.         0.
 0.        ]",1.0658757579808478,1.2891547088865973,0.0,0.0,0.1666666567325592,0.1666666567325592,0.1666666567325592,0.1666666567325592,0.0,0.1666666567325592,0.1666666567325592,0.0,0.0,0.0,0.0
751,2017-02-07,[0.  0.  0.2 0.  0.2 0.2 0.  0.  0.  0.2 0.  0.  0.2],1.066933392690247,1.2956884352374511,0.0,0.20000000298023224,0.0,0.20000000298023224,0.20000000298023224,0.0,0.0,0.0,0.20000000298023224,0.0,0.0,0.20000000298023224,0.0
752,2017-02-08,"[0.        0.        0.        0.        0.        0.        0.
 0.3333333 0.        0.3333333 0.3333333 0.        0.       ]",1.0703008188930967,1.3029512607763263,0.0,0.0,0.0,0.0,0.0,0.0,0.3333333134651184,0.0,0.3333333134651184,0.3333333134651184,0.0,0.0,0.0
753,2017-02-09,"[0.         0.         0.16666666 0.16666666 0.         0.
 0.         0.         0.16666666 0.16666666 0.16666666 0.
 0.16666666]",1.0685107248326837,1.2955421208247797,0.0,0.1666666567325592,0.1666666567325592,0.0,0.0,0.0,0.0,0.1666666567325592,0.1666666567325592,0.1666666567325592,0.0,0.1666666567325592,0.0
754,2017-02-10,[0.   0.   0.   0.25 0.25 0.   0.   0.25 0.   0.   0.   0.   0.25],1.0686332472739761,1.2981500500776875,0.0,0.0,0.25,0.25,0.0,0.0,0.25,0.0,0.0,0.0,0.0,0.25,0.0
755,2017-02-13,"[0.         0.         0.         0.16666666 0.16666666 0.
 0.16666666 0.16666666 0.         0.16666666 0.         0.16666666
 0.        ]",1.0814276940883107,1.3032261368155396,0.0,0.0,0.1666666567325592,0.1666666567325592,0.0,0.1666666567325592,0.1666666567325592,0.0,0.1666666567325592,0.0,0.1666666567325592,0.0,0.0
756,2017-02-14,"[0.        0.        0.1111111 0.        0.1111111 0.1111111 0.1111111
 0.1111111 0.1111111 0.1111111 0.1111111 0.        0.1111111]",1.091330555265019,1.3103949357034326,0.0,0.1111111044883728,0.0,0.1111111044883728,0.1111111044883728,0.1111111044883728,0.1111111044883728,0.1111111044883728,0.1111111044883728,0.1111111044883728,0.0,0.1111111044883728,0.0
757,2017-02-15,"[0.    0.125 0.    0.125 0.125 0.125 0.    0.125 0.    0.125 0.125 0.125
 0.   ]",1.0961678939277182,1.3163276395064565,0.125,0.0,0.125,0.125,0.125,0.0,0.125,0.0,0.125,0.125,0.125,0.0,0.0
758,2017-02-16,"[0.    0.    0.    0.125 0.125 0.125 0.    0.125 0.    0.125 0.125 0.125
 0.125]",1.1050093081352945,1.3278189859912828,0.0,0.0,0.125,0.125,0.125,0.0,0.125,0.0,0.125,0.125,0.125,0.125,0.0
759,2017-02-17,"[0.         0.16666666 0.         0.         0.16666666 0.
 0.16666666 0.16666666 0.16666666 0.         0.16666666 0.
 0.        ]",1.1153868169306416,1.3398464489614457,0.1666666567325592,0.0,0.0,0.1666666567325592,0.0,0.1666666567325592,0.1666666567325592,0.1666666567325592,0.0,0.1666666567325592,0.0,0.0,0.0
760,2017-02-21,"[0.         0.         0.16666666 0.16666666 0.         0.16666666
 0.16666666 0.         0.         0.         0.16666666 0.16666666
 0.        ]",1.1130571700808654,1.3407655745152314,0.0,0.1666666567325592,0.1666666567325592,0.0,0.1666666567325592,0.1666666567325592,0.0,0.0,0.0,0.1666666567325592,0.1666666567325592,0.0,0.0
761,2017-02-22,[0.  0.  0.2 0.  0.  0.  0.2 0.  0.  0.2 0.2 0.  0.2],1.1216882101942465,1.3502461944752977,0.0,0.20000000298023224,0.0,0.0,0.0,0.20000000298023224,0.0,0.0,0.20000000298023224,0.20000000298023224,0.0,0.20000000298023224,0.0
762,2017-02-23,[0.   0.   0.25 0.   0.   0.25 0.25 0.25 0.   0.   0.   0.   0.  ],1.1243190957427844,1.3530417737939788,0.0,0.25,0.0,0.0,0.25,0.25,0.25,0.0,0.0,0.0,0.0,0.0,0.0
763,2017-02-24,[0.  0.  0.  0.  0.2 0.  0.2 0.2 0.  0.  0.2 0.  0.2],1.1289619803689954,1.3546725841323741,0.0,0.0,0.0,0.20000000298023224,0.0,0.20000000298023224,0.20000000298023224,0.0,0.0,0.20000000298023224,0.0,0.20000000298023224,0.0
764,2017-02-27,"[0.         0.16666666 0.         0.         0.         0.16666666
 0.         0.         0.16666666 0.         0.16666666 0.16666666
 0.16666666]",1.123482378353762,1.3510076763408747,0.1666666567325592,0.0,0.0,0.0,0.1666666567325592,0.0,0.0,0.1666666567325592,0.0,0.1666666567325592,0.1666666567325592,0.1666666567325592,0.0
765,2017-02-28,"[0.         0.         0.         0.         0.         0.16666666
 0.16666666 0.16666666 0.         0.16666666 0.16666666 0.16666666
 0.        ]",1.1272289313450747,1.3550769787204389,0.0,0.0,0.0,0.0,0.1666666567325592,0.1666666567325592,0.1666666567325592,0.0,0.1666666567325592,0.1666666567325592,0.1666666567325592,0.0,0.0
766,2017-03-01,[0.   0.   0.25 0.   0.25 0.   0.   0.   0.   0.   0.25 0.25 0.  ],1.128354843367009,1.355996841797529,0.0,0.25,0.0,0.25,0.0,0.0,0.0,0.0,0.0,0.25,0.25,0.0,0.0
767,2017-03-02,[0.   0.   0.25 0.25 0.25 0.   0.   0.   0.   0.   0.   0.25 0.  ],1.1458517060321243,1.3663074589467745,0.0,0.25,0.25,0.25,0.0,0.0,0.0,0.0,0.0,0.0,0.25,0.0,0.0
768,2017-03-03,[0.  0.2 0.2 0.  0.2 0.2 0.  0.  0.  0.  0.2 0.  0. ],1.151016093955041,1.37145769196875,0.20000000298023224,0.20000000298023224,0.0,0.20000000298023224,0.20000000298023224,0.0,0.0,0.0,0.0,0.20000000298023224,0.0,0.0,0.0
769,2017-03-06,[0.   0.25 0.   0.25 0.   0.   0.   0.   0.25 0.   0.25 0.   0.  ],1.1340725108492626,1.3567124864567033,0.25,0.0,0.25,0.0,0.0,0.0,0.0,0.25,0.0,0.25,0.0,0.0,0.0
770,2017-03-07,"[0.         0.16666666 0.16666666 0.         0.         0.16666666
 0.         0.         0.         0.16666666 0.         0.16666666
 0.16666666]",1.1329775038730312,1.3516300038487683,0.1666666567325592,0.1666666567325592,0.0,0.0,0.1666666567325592,0.0,0.0,0.0,0.1666666567325592,0.0,0.1666666567325592,0.1666666567325592,0.0
771,2017-03-08,[0.  0.2 0.  0.2 0.  0.  0.2 0.  0.  0.2 0.  0.2 0. ],1.129932224860003,1.3475476965098938,0.20000000298023224,0.0,0.20000000298023224,0.0,0.0,0.20000000298023224,0.0,0.0,0.20000000298023224,0.0,0.20000000298023224,0.0,0.0
772,2017-03-09,"[0.    0.125 0.125 0.    0.125 0.    0.125 0.125 0.    0.125 0.    0.125
 0.125]",1.1381704113539086,1.354249625091303,0.125,0.125,0.0,0.125,0.0,0.125,0.125,0.0,0.125,0.0,0.125,0.125,0.0
773,2017-03-10,"[0.    0.    0.    0.    0.125 0.125 0.125 0.125 0.125 0.125 0.125 0.
 0.125]",1.1355147913230743,1.3522882676759547,0.0,0.0,0.0,0.125,0.125,0.125,0.125,0.125,0.125,0.125,0.0,0.125,0.0
774,2017-03-13,[0.   0.25 0.25 0.   0.   0.25 0.   0.25 0.   0.   0.   0.   0.  ],1.1462914049532205,1.3610867451080066,0.25,0.25,0.0,0.0,0.25,0.0,0.25,0.0,0.0,0.0,0.0,0.0,0.0
775,2017-03-14,"[0.        0.1111111 0.        0.1111111 0.        0.1111111 0.1111111
 0.1111111 0.1111111 0.        0.1111111 0.1111111 0.1111111]",1.141694809329512,1.3583790208222437,0.1111111044883728,0.0,0.1111111044883728,0.0,0.1111111044883728,0.1111111044883728,0.1111111044883728,0.1111111044883728,0.0,0.1111111044883728,0.1111111044883728,0.1111111044883728,0.0
776,2017-03-15,"[0.         0.14285715 0.         0.         0.14285715 0.
 0.14285715 0.14285715 0.         0.14285715 0.14285715 0.
 0.14285715]",1.1521146453979394,1.3640896450739295,0.1428571492433548,0.0,0.0,0.1428571492433548,0.0,0.1428571492433548,0.1428571492433548,0.0,0.1428571492433548,0.1428571492433548,0.0,0.1428571492433548,0.0
777,2017-03-16,"[0.         0.         0.16666666 0.         0.16666666 0.
 0.         0.16666666 0.16666666 0.         0.         0.16666666
 0.16666666]",1.1546325826916244,1.3653166067724902,0.0,0.1666666567325592,0.0,0.1666666567325592,0.0,0.0,0.1666666567325592,0.1666666567325592,0.0,0.0,0.1666666567325592,0.1666666567325592,0.0
778,2017-03-17,[0.  0.  0.2 0.  0.  0.2 0.  0.2 0.  0.  0.  0.2 0.2],1.1630786606635781,1.373535763298521,0.0,0.20000000298023224,0.0,0.0,0.20000000298023224,0.0,0.20000000298023224,0.0,0.0,0.0,0.20000000298023224,0.20000000298023224,0.0
779,2017-03-20,[0.   0.   0.25 0.   0.   0.   0.25 0.   0.   0.25 0.   0.25 0.  ],1.1651894132243754,1.373838667292346,0.0,0.25,0.0,0.0,0.0,0.25,0.0,0.0,0.25,0.0,0.25,0.0,0.0
780,2017-03-21,"[0.         0.16666666 0.         0.16666666 0.         0.16666666
 0.16666666 0.         0.         0.         0.16666666 0.16666666
 0.        ]",1.179277775858482,1.3742950059297672,0.1666666567325592,0.0,0.1666666567325592,0.0,0.1666666567325592,0.1666666567325592,0.0,0.0,0.0,0.1666666567325592,0.1666666567325592,0.0,0.0
781,2017-03-22,"[0.         0.         0.         0.14285715 0.14285715 0.
 0.         0.14285715 0.14285715 0.14285715 0.14285715 0.
 0.14285715]",1.1801602692600826,1.3762902377496395,0.0,0.0,0.1428571492433548,0.1428571492433548,0.0,0.0,0.1428571492433548,0.1428571492433548,0.1428571492433548,0.1428571492433548,0.0,0.1428571492433548,0.0
782,2017-03-23,[0.  0.  0.  0.  0.  0.  0.  0.  0.  0.  0.5 0.5 0. ],1.145819187989547,1.33716786505062,0.0,0.0,0.0,0.0,0.0,0.0,0.0,0.0,0.0,0.5,0.5,0.0,0.0
783,2017-03-24,"[0.         0.         0.         0.14285715 0.14285715 0.
 0.14285715 0.         0.14285715 0.14285715 0.14285715 0.
 0.14285715]",1.1683592816032315,1.3437628140207238,0.0,0.0,0.1428571492433548,0.1428571492433548,0.0,0.1428571492433548,0.0,0.1428571492433548,0.1428571492433548,0.1428571492433548,0.0,0.1428571492433548,0.0
784,2017-03-27,"[0.    0.125 0.125 0.    0.    0.125 0.125 0.    0.125 0.    0.125 0.125
 0.125]",1.176611568885835,1.3532344194477124,0.125,0.125,0.0,0.0,0.125,0.125,0.0,0.125,0.0,0.125,0.125,0.125,0.0
785,2017-03-28,[0.  0.2 0.  0.  0.  0.  0.2 0.  0.  0.  0.2 0.2 0.2],1.1559211087647518,1.330845636510133,0.20000000298023224,0.0,0.0,0.0,0.0,0.20000000298023224,0.0,0.0,0.0,0.20000000298023224,0.20000000298023224,0.20000000298023224,0.0
786,2017-03-29,[0.   0.   0.   0.   0.   0.25 0.   0.25 0.25 0.   0.   0.25 0.  ],1.1681558364637363,1.3430644950330284,0.0,0.0,0.0,0.0,0.25,0.0,0.25,0.25,0.0,0.0,0.25,0.0,0.0
787,2017-03-30,[0.   0.25 0.   0.   0.   0.   0.25 0.25 0.25 0.   0.   0.   0.  ],1.1721468588107034,1.3523367745225914,0.25,0.0,0.0,0.0,0.0,0.25,0.25,0.25,0.0,0.0,0.0,0.0,0.0
788,2017-03-31,"[0.         0.         0.16666666 0.16666666 0.16666666 0.16666666
 0.         0.16666666 0.         0.         0.16666666 0.
 0.        ]",1.1693733175452896,1.351487379897193,0.0,0.1666666567325592,0.1666666567325592,0.1666666567325592,0.1666666567325592,0.0,0.1666666567325592,0.0,0.0,0.1666666567325592,0.0,0.0,0.0
789,2017-04-03,[0.  0.2 0.2 0.  0.  0.  0.2 0.  0.  0.2 0.2 0.  0. ],1.1802531556233082,1.3565484572392559,0.20000000298023224,0.20000000298023224,0.0,0.0,0.0,0.20000000298023224,0.0,0.0,0.20000000298023224,0.20000000298023224,0.0,0.0,0.0
790,2017-04-04,"[0.         0.         0.         0.16666666 0.16666666 0.16666666
 0.16666666 0.         0.         0.16666666 0.16666666 0.
 0.        ]",1.1814653369641703,1.3554490110485997,0.0,0.0,0.1666666567325592,0.1666666567325592,0.1666666567325592,0.1666666567325592,0.0,0.0,0.1666666567325592,0.1666666567325592,0.0,0.0,0.0
791,2017-04-05,"[0.         0.         0.14285715 0.14285715 0.14285715 0.14285715
 0.14285715 0.         0.         0.14285715 0.         0.
 0.14285715]",1.1708726157675091,1.3425634438499365,0.0,0.1428571492433548,0.1428571492433548,0.1428571492433548,0.1428571492433548,0.1428571492433548,0.0,0.0,0.1428571492433548,0.0,0.0,0.1428571492433548,0.0
792,2017-04-06,"[0.         0.14285715 0.14285715 0.         0.14285715 0.14285715
 0.         0.         0.14285715 0.         0.14285715 0.14285715
 0.        ]",1.1817525239265072,1.3485668938528528,0.1428571492433548,0.1428571492433548,0.0,0.1428571492433548,0.1428571492433548,0.0,0.0,0.1428571492433548,0.0,0.1428571492433548,0.1428571492433548,0.0,0.0
793,2017-04-07,"[0.         0.14285715 0.14285715 0.14285715 0.         0.
 0.         0.14285715 0.         0.14285715 0.         0.14285715
 0.14285715]",1.1688660481286859,1.3343940435006316,0.1428571492433548,0.1428571492433548,0.1428571492433548,0.0,0.0,0.0,0.1428571492433548,0.0,0.1428571492433548,0.0,0.1428571492433548,0.1428571492433548,0.0
794,2017-04-10,"[0.         0.14285715 0.         0.14285715 0.14285715 0.14285715
 0.         0.         0.14285715 0.14285715 0.         0.14285715
 0.        ]",1.1635220784228784,1.3313412013580563,0.1428571492433548,0.0,0.1428571492433548,0.1428571492433548,0.1428571492433548,0.0,0.0,0.1428571492433548,0.1428571492433548,0.0,0.1428571492433548,0.0,0.0
795,2017-04-11,"[0.        0.1111111 0.1111111 0.1111111 0.1111111 0.1111111 0.
 0.        0.1111111 0.        0.1111111 0.1111111 0.1111111]",1.162918830891324,1.3326645406403212,0.1111111044883728,0.1111111044883728,0.1111111044883728,0.1111111044883728,0.1111111044883728,0.0,0.0,0.1111111044883728,0.0,0.1111111044883728,0.1111111044883728,0.1111111044883728,0.0
796,2017-04-12,[0.  0.2 0.  0.  0.2 0.2 0.  0.  0.2 0.  0.  0.  0.2],1.1491918679173765,1.3190513881658392,0.20000000298023224,0.0,0.0,0.20000000298023224,0.20000000298023224,0.0,0.0,0.20000000298023224,0.0,0.0,0.0,0.20000000298023224,0.0
797,2017-04-13,[0.  0.2 0.  0.2 0.2 0.2 0.  0.2 0.  0.  0.  0.  0. ],1.151091778822755,1.3216485178023816,0.20000000298023224,0.0,0.20000000298023224,0.20000000298023224,0.20000000298023224,0.0,0.20000000298023224,0.0,0.0,0.0,0.0,0.0,0.0
798,2017-04-17,"[0.         0.         0.         0.16666666 0.16666666 0.
 0.         0.16666666 0.         0.16666666 0.16666666 0.
 0.16666666]",1.133104213788718,1.3115905369804195,0.0,0.0,0.1666666567325592,0.1666666567325592,0.0,0.0,0.1666666567325592,0.0,0.1666666567325592,0.1666666567325592,0.0,0.1666666567325592,0.0
799,2017-04-18,"[0.    0.125 0.    0.    0.125 0.125 0.125 0.125 0.125 0.    0.125 0.125
 0.   ]",1.1310214752098513,1.3089893627530529,0.125,0.0,0.0,0.125,0.125,0.125,0.125,0.125,0.0,0.125,0.125,0.0,0.0
800,2017-04-19,[0.   0.   0.25 0.25 0.   0.   0.   0.25 0.   0.   0.25 0.   0.  ],1.1338244770420898,1.3132549347470912,0.0,0.25,0.25,0.0,0.0,0.0,0.25,0.0,0.0,0.25,0.0,0.0,0.0
801,2017-04-20,[0.  0.  0.2 0.  0.  0.  0.  0.2 0.2 0.2 0.  0.  0.2],1.1453341063844251,1.3239163275474441,0.0,0.20000000298023224,0.0,0.0,0.0,0.0,0.20000000298023224,0.20000000298023224,0.20000000298023224,0.0,0.0,0.20000000298023224,0.0
802,2017-04-21,"[0.         0.14285715 0.         0.14285715 0.         0.14285715
 0.         0.14285715 0.         0.14285715 0.14285715 0.14285715
 0.        ]",1.147297489415852,1.3283302866664335,0.1428571492433548,0.0,0.1428571492433548,0.0,0.1428571492433548,0.0,0.1428571492433548,0.0,0.1428571492433548,0.1428571492433548,0.1428571492433548,0.0,0.0
803,2017-04-24,[0.  0.  0.  0.2 0.  0.  0.2 0.  0.  0.  0.2 0.2 0.2],1.1572283107335033,1.3337968504688604,0.0,0.0,0.20000000298023224,0.0,0.0,0.20000000298023224,0.0,0.0,0.0,0.20000000298023224,0.20000000298023224,0.20000000298023224,0.0
804,2017-04-25,"[0.         0.         0.         0.14285715 0.14285715 0.14285715
 0.         0.         0.14285715 0.14285715 0.         0.14285715
 0.14285715]",1.1720862706703137,1.34906046006271,0.0,0.0,0.1428571492433548,0.1428571492433548,0.1428571492433548,0.0,0.0,0.1428571492433548,0.1428571492433548,0.0,0.1428571492433548,0.1428571492433548,0.0
805,2017-04-26,"[0.         0.14285715 0.         0.         0.14285715 0.14285715
 0.14285715 0.         0.14285715 0.14285715 0.         0.
 0.14285715]",1.172450836087161,1.3568341268654787,0.1428571492433548,0.0,0.0,0.1428571492433548,0.1428571492433548,0.1428571492433548,0.0,0.1428571492433548,0.1428571492433548,0.0,0.0,0.1428571492433548,0.0
806,2017-04-27,[0.  0.  0.2 0.2 0.2 0.  0.  0.  0.2 0.  0.2 0.  0. ],1.1751489131836552,1.356995666241991,0.0,0.20000000298023224,0.20000000298023224,0.20000000298023224,0.0,0.0,0.0,0.20000000298023224,0.0,0.20000000298023224,0.0,0.0,0.0
807,2017-04-28,"[0.         0.16666666 0.16666666 0.         0.16666666 0.
 0.16666666 0.         0.16666666 0.16666666 0.         0.
 0.        ]",1.179696645778748,1.3693941794776114,0.1666666567325592,0.1666666567325592,0.0,0.1666666567325592,0.0,0.1666666567325592,0.0,0.1666666567325592,0.1666666567325592,0.0,0.0,0.0,0.0
808,2017-05-01,"[0.    0.125 0.    0.    0.125 0.125 0.    0.125 0.125 0.125 0.125 0.125
 0.   ]",1.1685627799597367,1.3602283860234994,0.125,0.0,0.0,0.125,0.125,0.0,0.125,0.125,0.125,0.125,0.125,0.0,0.0
809,2017-05-02,"[0.         0.         0.         0.14285715 0.14285715 0.14285715
 0.         0.14285715 0.14285715 0.14285715 0.         0.
 0.14285715]",1.1604242387891601,1.3516113428858927,0.0,0.0,0.1428571492433548,0.1428571492433548,0.1428571492433548,0.0,0.1428571492433548,0.1428571492433548,0.1428571492433548,0.0,0.0,0.1428571492433548,0.0
810,2017-05-03,"[0.        0.3333333 0.        0.        0.3333333 0.        0.
 0.        0.        0.        0.        0.3333333 0.       ]",1.1634771232351782,1.357115892188633,0.3333333134651184,0.0,0.0,0.3333333134651184,0.0,0.0,0.0,0.0,0.0,0.0,0.3333333134651184,0.0,0.0
811,2017-05-04,"[0.         0.16666666 0.16666666 0.         0.16666666 0.16666666
 0.         0.16666666 0.         0.         0.16666666 0.
 0.        ]",1.1441616408287554,1.3487343227354462,0.1666666567325592,0.1666666567325592,0.0,0.1666666567325592,0.1666666567325592,0.0,0.1666666567325592,0.0,0.0,0.1666666567325592,0.0,0.0,0.0
812,2017-05-05,"[0.         0.         0.16666666 0.16666666 0.         0.16666666
 0.         0.16666666 0.16666666 0.16666666 0.         0.
 0.        ]",1.156014970629605,1.3615976212973413,0.0,0.1666666567325592,0.1666666567325592,0.0,0.1666666567325592,0.0,0.1666666567325592,0.1666666567325592,0.1666666567325592,0.0,0.0,0.0,0.0
813,2017-05-08,"[0.        0.1111111 0.        0.1111111 0.1111111 0.1111111 0.1111111
 0.1111111 0.1111111 0.1111111 0.        0.        0.1111111]",1.1592414381563176,1.3644329189291082,0.1111111044883728,0.0,0.1111111044883728,0.1111111044883728,0.1111111044883728,0.1111111044883728,0.1111111044883728,0.1111111044883728,0.1111111044883728,0.0,0.0,0.1111111044883728,0.0
814,2017-05-09,"[0.    0.125 0.    0.125 0.    0.125 0.125 0.    0.    0.125 0.125 0.125
 0.125]",1.1562718133541179,1.3642561368301467,0.125,0.0,0.125,0.0,0.125,0.125,0.0,0.0,0.125,0.125,0.125,0.125,0.0
815,2017-05-10,"[0.        0.        0.        0.3333333 0.        0.3333333 0.
 0.3333333 0.        0.        0.        0.        0.       ]",1.152050472112166,1.3618404048226038,0.0,0.0,0.3333333134651184,0.0,0.3333333134651184,0.0,0.3333333134651184,0.0,0.0,0.0,0.0,0.0,0.0
816,2017-05-11,"[0.        0.1111111 0.        0.        0.1111111 0.1111111 0.1111111
 0.        0.1111111 0.1111111 0.1111111 0.1111111 0.1111111]",1.142814730534339,1.3514926342305829,0.1111111044883728,0.0,0.0,0.1111111044883728,0.1111111044883728,0.1111111044883728,0.0,0.1111111044883728,0.1111111044883728,0.1111111044883728,0.1111111044883728,0.1111111044883728,0.0
817,2017-05-12,"[0.         0.14285715 0.14285715 0.         0.         0.14285715
 0.14285715 0.         0.14285715 0.14285715 0.         0.14285715
 0.        ]",1.1367960137860647,1.3455451612969003,0.1428571492433548,0.1428571492433548,0.0,0.0,0.1428571492433548,0.1428571492433548,0.0,0.1428571492433548,0.1428571492433548,0.0,0.1428571492433548,0.0,0.0
818,2017-05-15,[0.   0.   0.25 0.   0.25 0.   0.   0.   0.25 0.25 0.   0.   0.  ],1.1285002533801356,1.333121249805966,0.0,0.25,0.0,0.25,0.0,0.0,0.0,0.25,0.25,0.0,0.0,0.0,0.0
819,2017-05-16,"[0.    0.    0.125 0.    0.    0.125 0.125 0.    0.125 0.125 0.125 0.125
 0.125]",1.1296037034173352,1.3357217069470506,0.0,0.125,0.0,0.0,0.125,0.125,0.0,0.125,0.125,0.125,0.125,0.125,0.0
820,2017-05-17,"[0.    0.125 0.125 0.125 0.125 0.125 0.    0.125 0.    0.125 0.125 0.
 0.   ]",1.1351625728944026,1.3426496303552067,0.125,0.125,0.125,0.125,0.125,0.0,0.125,0.0,0.125,0.125,0.0,0.0,0.0
821,2017-05-18,[0.  0.  0.  0.2 0.2 0.  0.2 0.2 0.  0.  0.2 0.  0. ],1.1299998621412342,1.3447187128319413,0.0,0.0,0.20000000298023224,0.20000000298023224,0.0,0.20000000298023224,0.20000000298023224,0.0,0.0,0.20000000298023224,0.0,0.0,0.0
822,2017-05-19,"[0.         0.         0.16666666 0.         0.         0.16666666
 0.         0.16666666 0.16666666 0.         0.         0.16666666
 0.16666666]",1.1107704437187715,1.3230586194428795,0.0,0.1666666567325592,0.0,0.0,0.1666666567325592,0.0,0.1666666567325592,0.1666666567325592,0.0,0.0,0.1666666567325592,0.1666666567325592,0.0
823,2017-05-22,"[0.    0.125 0.125 0.    0.    0.    0.    0.125 0.125 0.125 0.125 0.125
 0.125]",1.1106664272253468,1.3291867183831467,0.125,0.125,0.0,0.0,0.0,0.0,0.125,0.125,0.125,0.125,0.125,0.125,0.0
824,2017-05-23,"[0.         0.         0.         0.16666666 0.16666666 0.16666666
 0.         0.16666666 0.16666666 0.         0.         0.16666666
 0.        ]",1.1170873684319496,1.3365940216563972,0.0,0.0,0.1666666567325592,0.1666666567325592,0.1666666567325592,0.0,0.1666666567325592,0.1666666567325592,0.0,0.0,0.1666666567325592,0.0,0.0
825,2017-05-24,[0.  0.  0.  0.2 0.  0.2 0.  0.2 0.  0.  0.2 0.  0.2],1.1297552462978853,1.3400101384649927,0.0,0.0,0.20000000298023224,0.0,0.20000000298023224,0.0,0.20000000298023224,0.0,0.0,0.20000000298023224,0.0,0.20000000298023224,0.0
826,2017-05-25,"[0.        0.1111111 0.1111111 0.        0.1111111 0.1111111 0.1111111
 0.1111111 0.1111111 0.        0.1111111 0.1111111 0.       ]",1.132808341310812,1.343773712549616,0.1111111044883728,0.1111111044883728,0.0,0.1111111044883728,0.1111111044883728,0.1111111044883728,0.1111111044883728,0.1111111044883728,0.0,0.1111111044883728,0.1111111044883728,0.0,0.0
827,2017-05-26,[0.   0.   0.   0.25 0.   0.25 0.25 0.   0.   0.25 0.   0.   0.  ],1.132080521127124,1.3451568993075878,0.0,0.0,0.25,0.0,0.25,0.25,0.0,0.0,0.25,0.0,0.0,0.0,0.0
828,2017-05-30,"[0.         0.14285715 0.14285715 0.14285715 0.         0.
 0.14285715 0.14285715 0.14285715 0.         0.14285715 0.
 0.        ]",1.13490817674422,1.3434068601675844,0.1428571492433548,0.1428571492433548,0.1428571492433548,0.0,0.0,0.1428571492433548,0.1428571492433548,0.1428571492433548,0.0,0.1428571492433548,0.0,0.0,0.0
829,2017-05-31,[0.  0.  0.  0.2 0.  0.  0.  0.  0.2 0.2 0.  0.2 0.2],1.132771871570787,1.3398227149548025,0.0,0.0,0.20000000298023224,0.0,0.0,0.0,0.0,0.20000000298023224,0.20000000298023224,0.0,0.20000000298023224,0.20000000298023224,0.0
830,2017-06-01,[0.  0.2 0.  0.2 0.  0.2 0.  0.2 0.  0.  0.  0.  0.2],1.128920640866984,1.3392417726558876,0.20000000298023224,0.0,0.20000000298023224,0.0,0.20000000298023224,0.0,0.20000000298023224,0.0,0.0,0.0,0.0,0.20000000298023224,0.0
831,2017-06-02,[0.  0.  0.2 0.  0.  0.  0.2 0.2 0.  0.2 0.  0.2 0. ],1.1300304734649993,1.337992048677948,0.0,0.20000000298023224,0.0,0.0,0.0,0.20000000298023224,0.20000000298023224,0.0,0.20000000298023224,0.0,0.20000000298023224,0.0,0.0
832,2017-06-05,[0.   0.   0.   0.   0.   0.25 0.25 0.   0.   0.25 0.   0.25 0.  ],1.1449026796843174,1.3467344823141434,0.0,0.0,0.0,0.0,0.25,0.25,0.0,0.0,0.25,0.0,0.25,0.0,0.0
833,2017-06-06,"[0.         0.         0.14285715 0.         0.         0.
 0.14285715 0.14285715 0.14285715 0.14285715 0.14285715 0.
 0.14285715]",1.1480716795677437,1.34943581479223,0.0,0.1428571492433548,0.0,0.0,0.0,0.1428571492433548,0.1428571492433548,0.1428571492433548,0.1428571492433548,0.1428571492433548,0.0,0.1428571492433548,0.0
834,2017-06-07,[0.   0.   0.   0.25 0.   0.   0.25 0.   0.   0.   0.25 0.25 0.  ],1.1435445209669841,1.3380146878720345,0.0,0.0,0.25,0.0,0.0,0.25,0.0,0.0,0.0,0.25,0.25,0.0,0.0
835,2017-06-08,"[0.    0.    0.125 0.125 0.125 0.125 0.    0.    0.    0.125 0.125 0.125
 0.125]",1.1570173163556996,1.34487268851955,0.0,0.125,0.125,0.125,0.125,0.0,0.0,0.0,0.125,0.125,0.125,0.125,0.0
836,2017-06-09,[0.  0.2 0.2 0.2 0.  0.  0.  0.  0.2 0.2 0.  0.  0. ],1.171818023614371,1.3582949515987974,0.20000000298023224,0.20000000298023224,0.20000000298023224,0.0,0.0,0.0,0.0,0.20000000298023224,0.20000000298023224,0.0,0.0,0.0,0.0
837,2017-06-12,"[0.         0.         0.14285715 0.14285715 0.         0.
 0.14285715 0.14285715 0.14285715 0.14285715 0.         0.
 0.14285715]",1.193049569898469,1.3783558700525296,0.0,0.1428571492433548,0.1428571492433548,0.0,0.0,0.1428571492433548,0.1428571492433548,0.1428571492433548,0.1428571492433548,0.0,0.0,0.1428571492433548,0.0
838,2017-06-13,[0.   0.25 0.   0.   0.25 0.   0.25 0.   0.   0.   0.25 0.   0.  ],1.19548450898455,1.3829605893020465,0.25,0.0,0.0,0.25,0.0,0.25,0.0,0.0,0.0,0.25,0.0,0.0,0.0
839,2017-06-14,"[0.        0.1111111 0.1111111 0.        0.1111111 0.1111111 0.1111111
 0.1111111 0.        0.1111111 0.        0.1111111 0.1111111]",1.1976097585776293,1.3810146400865975,0.1111111044883728,0.1111111044883728,0.0,0.1111111044883728,0.1111111044883728,0.1111111044883728,0.1111111044883728,0.0,0.1111111044883728,0.0,0.1111111044883728,0.1111111044883728,0.0
840,2017-06-15,"[0.        0.1111111 0.1111111 0.1111111 0.        0.1111111 0.1111111
 0.1111111 0.        0.1111111 0.1111111 0.        0.1111111]",1.1970395676243981,1.3798548224163065,0.1111111044883728,0.1111111044883728,0.1111111044883728,0.0,0.1111111044883728,0.1111111044883728,0.1111111044883728,0.0,0.1111111044883728,0.1111111044883728,0.0,0.1111111044883728,0.0
841,2017-06-16,"[0.         0.14285715 0.         0.14285715 0.         0.
 0.         0.14285715 0.14285715 0.14285715 0.14285715 0.
 0.14285715]",1.1882055142994477,1.36753911647022,0.1428571492433548,0.0,0.1428571492433548,0.0,0.0,0.0,0.1428571492433548,0.1428571492433548,0.1428571492433548,0.1428571492433548,0.0,0.1428571492433548,0.0
842,2017-06-19,[0.  0.  0.2 0.  0.  0.2 0.2 0.2 0.2 0.  0.  0.  0. ],1.1922066618986336,1.3758484065128245,0.0,0.20000000298023224,0.0,0.0,0.20000000298023224,0.20000000298023224,0.20000000298023224,0.20000000298023224,0.0,0.0,0.0,0.0,0.0
843,2017-06-20,"[0.         0.14285715 0.14285715 0.14285715 0.14285715 0.
 0.14285715 0.         0.         0.14285715 0.         0.
 0.14285715]",1.1935430804658222,1.3748000682154033,0.1428571492433548,0.1428571492433548,0.1428571492433548,0.1428571492433548,0.0,0.1428571492433548,0.0,0.0,0.1428571492433548,0.0,0.0,0.1428571492433548,0.0
844,2017-06-21,"[0.         0.         0.16666666 0.16666666 0.16666666 0.
 0.         0.         0.         0.         0.16666666 0.16666666
 0.16666666]",1.187350463234572,1.3792611788841922,0.0,0.1666666567325592,0.1666666567325592,0.1666666567325592,0.0,0.0,0.0,0.0,0.0,0.1666666567325592,0.1666666567325592,0.1666666567325592,0.0
845,2017-06-22,"[0.         0.14285715 0.         0.14285715 0.14285715 0.
 0.14285715 0.14285715 0.14285715 0.         0.         0.
 0.14285715]",1.1793985328202385,1.3731106075070791,0.1428571492433548,0.0,0.1428571492433548,0.1428571492433548,0.0,0.1428571492433548,0.1428571492433548,0.1428571492433548,0.0,0.0,0.0,0.1428571492433548,0.0
846,2017-06-23,[0.   0.25 0.   0.   0.   0.25 0.   0.   0.   0.   0.25 0.25 0.  ],1.1768197335866812,1.373360673985195,0.25,0.0,0.0,0.0,0.25,0.0,0.0,0.0,0.0,0.25,0.25,0.0,0.0
847,2017-06-26,[0.  0.  0.  0.2 0.2 0.2 0.  0.  0.  0.2 0.  0.  0.2],1.1810440175082715,1.3773347721179166,0.0,0.0,0.20000000298023224,0.20000000298023224,0.20000000298023224,0.0,0.0,0.0,0.20000000298023224,0.0,0.0,0.20000000298023224,0.0
848,2017-06-27,[0.  0.2 0.2 0.  0.  0.2 0.  0.  0.  0.2 0.  0.  0.2],1.1854612422939554,1.3806835693871802,0.20000000298023224,0.20000000298023224,0.0,0.0,0.20000000298023224,0.0,0.0,0.0,0.20000000298023224,0.0,0.0,0.20000000298023224,0.0
849,2017-06-28,"[0.         0.14285715 0.14285715 0.14285715 0.14285715 0.
 0.         0.         0.         0.14285715 0.14285715 0.
 0.14285715]",1.185722468635649,1.3766238095862813,0.1428571492433548,0.1428571492433548,0.1428571492433548,0.1428571492433548,0.0,0.0,0.0,0.0,0.1428571492433548,0.1428571492433548,0.0,0.1428571492433548,0.0
850,2017-06-29,"[0.         0.         0.         0.16666666 0.16666666 0.16666666
 0.16666666 0.         0.16666666 0.         0.16666666 0.
 0.        ]",1.1876144132332334,1.3735320986063504,0.0,0.0,0.1666666567325592,0.1666666567325592,0.1666666567325592,0.1666666567325592,0.0,0.1666666567325592,0.0,0.1666666567325592,0.0,0.0,0.0
851,2017-06-30,"[0.        0.1111111 0.1111111 0.        0.1111111 0.        0.1111111
 0.1111111 0.1111111 0.1111111 0.1111111 0.1111111 0.       ]",1.1895827773564354,1.3833306618283359,0.1111111044883728,0.1111111044883728,0.0,0.1111111044883728,0.0,0.1111111044883728,0.1111111044883728,0.1111111044883728,0.1111111044883728,0.1111111044883728,0.1111111044883728,0.0,0.0
852,2017-07-03,[0.   0.25 0.   0.   0.   0.25 0.   0.   0.   0.   0.   0.25 0.25],1.1872793544560443,1.3825455985810766,0.25,0.0,0.0,0.0,0.25,0.0,0.0,0.0,0.0,0.0,0.25,0.25,0.0
853,2017-07-05,[0.  0.  0.  0.  0.2 0.  0.2 0.  0.2 0.  0.2 0.  0.2],1.200208860668184,1.3865974981372928,0.0,0.0,0.0,0.20000000298023224,0.0,0.20000000298023224,0.0,0.20000000298023224,0.0,0.20000000298023224,0.0,0.20000000298023224,0.0
854,2017-07-06,"[0.    0.125 0.125 0.125 0.125 0.125 0.125 0.125 0.    0.    0.    0.125
 0.   ]",1.195890726646344,1.395488585413109,0.125,0.125,0.125,0.125,0.125,0.125,0.125,0.0,0.0,0.0,0.125,0.0,0.0
855,2017-07-07,"[0.         0.         0.         0.16666666 0.16666666 0.16666666
 0.16666666 0.16666666 0.         0.         0.16666666 0.
 0.        ]",1.1886724889549645,1.392884934095933,0.0,0.0,0.1666666567325592,0.1666666567325592,0.1666666567325592,0.1666666567325592,0.1666666567325592,0.0,0.0,0.1666666567325592,0.0,0.0,0.0
856,2017-07-10,"[0.        0.        0.        0.        0.3333333 0.3333333 0.
 0.        0.3333333 0.        0.        0.        0.       ]",1.1804218442641776,1.383944324133271,0.0,0.0,0.0,0.3333333134651184,0.3333333134651184,0.0,0.0,0.3333333134651184,0.0,0.0,0.0,0.0,0.0
857,2017-07-11,"[0.         0.16666666 0.16666666 0.16666666 0.         0.16666666
 0.         0.         0.16666666 0.         0.16666666 0.
 0.        ]",1.1859583531254199,1.3917666647184872,0.1666666567325592,0.1666666567325592,0.1666666567325592,0.0,0.1666666567325592,0.0,0.0,0.1666666567325592,0.0,0.1666666567325592,0.0,0.0,0.0
858,2017-07-12,[0.   0.25 0.   0.   0.25 0.25 0.25 0.   0.   0.   0.   0.   0.  ],1.1843727747744632,1.3914327235559873,0.25,0.0,0.0,0.25,0.25,0.25,0.0,0.0,0.0,0.0,0.0,0.0,0.0
859,2017-07-13,"[0.         0.16666666 0.         0.         0.         0.
 0.16666666 0.16666666 0.         0.         0.16666666 0.16666666
 0.16666666]",1.182287987999981,1.3956913039813104,0.1666666567325592,0.0,0.0,0.0,0.0,0.1666666567325592,0.1666666567325592,0.0,0.0,0.1666666567325592,0.1666666567325592,0.1666666567325592,0.0
860,2017-07-14,"[0.        0.        0.        0.        0.        0.3333333 0.3333333
 0.3333333 0.        0.        0.        0.        0.       ]",1.19111035352506,1.399769690024314,0.0,0.0,0.0,0.0,0.3333333134651184,0.3333333134651184,0.3333333134651184,0.0,0.0,0.0,0.0,0.0,0.0
861,2017-07-17,[0.  0.1 0.1 0.1 0.1 0.1 0.1 0.  0.1 0.  0.1 0.1 0.1],1.1895217847295223,1.3938324197947607,0.10000000149011612,0.10000000149011612,0.10000000149011612,0.10000000149011612,0.10000000149011612,0.10000000149011612,0.0,0.10000000149011612,0.0,0.10000000149011612,0.10000000149011612,0.10000000149011612,0.0
862,2017-07-18,[0.  0.  0.2 0.2 0.2 0.  0.2 0.  0.  0.  0.  0.  0.2],1.1931143746761461,1.3994932693369964,0.0,0.20000000298023224,0.20000000298023224,0.20000000298023224,0.0,0.20000000298023224,0.0,0.0,0.0,0.0,0.0,0.20000000298023224,0.0
863,2017-07-19,"[0.         0.14285715 0.14285715 0.         0.         0.14285715
 0.         0.14285715 0.14285715 0.         0.14285715 0.14285715
 0.        ]",1.1842898492059732,1.3896581898952018,0.1428571492433548,0.1428571492433548,0.0,0.0,0.1428571492433548,0.0,0.1428571492433548,0.1428571492433548,0.0,0.1428571492433548,0.1428571492433548,0.0,0.0
864,2017-07-20,"[0.    0.    0.125 0.    0.125 0.125 0.125 0.125 0.125 0.125 0.    0.125
 0.   ]",1.1914787489403984,1.4020712070825372,0.0,0.125,0.0,0.125,0.125,0.125,0.125,0.125,0.125,0.0,0.125,0.0,0.0
865,2017-07-21,"[0.        0.1111111 0.1111111 0.1111111 0.1111111 0.1111111 0.1111111
 0.1111111 0.        0.        0.        0.1111111 0.1111111]",1.2004908287814886,1.4076469592078127,0.1111111044883728,0.1111111044883728,0.1111111044883728,0.1111111044883728,0.1111111044883728,0.1111111044883728,0.1111111044883728,0.0,0.0,0.0,0.1111111044883728,0.1111111044883728,0.0
866,2017-07-24,[0.  0.  0.2 0.2 0.2 0.2 0.2 0.  0.  0.  0.  0.  0. ],1.1978760922724083,1.4054026978135226,0.0,0.20000000298023224,0.20000000298023224,0.20000000298023224,0.20000000298023224,0.20000000298023224,0.0,0.0,0.0,0.0,0.0,0.0,0.0
867,2017-07-25,"[0.         0.16666666 0.         0.         0.16666666 0.
 0.16666666 0.16666666 0.         0.16666666 0.         0.16666666
 0.        ]",1.1869825671511265,1.3965606005679978,0.1666666567325592,0.0,0.0,0.1666666567325592,0.0,0.1666666567325592,0.1666666567325592,0.0,0.1666666567325592,0.0,0.1666666567325592,0.0,0.0
868,2017-07-26,[0.   0.25 0.   0.25 0.   0.   0.   0.   0.   0.   0.25 0.   0.25],1.1944801528092257,1.4041802784352944,0.25,0.0,0.25,0.0,0.0,0.0,0.0,0.0,0.0,0.25,0.0,0.25,0.0
869,2017-07-27,[0.  0.  0.  0.5 0.  0.5 0.  0.  0.  0.  0.  0.  0. ],1.1967029091148726,1.3990123484729842,0.0,0.0,0.5,0.0,0.5,0.0,0.0,0.0,0.0,0.0,0.0,0.0,0.0
870,2017-07-28,[0.  0.  0.  0.  0.2 0.2 0.  0.  0.  0.  0.2 0.2 0.2],1.17794646359473,1.3872357307600205,0.0,0.0,0.0,0.20000000298023224,0.20000000298023224,0.0,0.0,0.0,0.0,0.20000000298023224,0.20000000298023224,0.20000000298023224,0.0
871,2017-07-31,"[0.         0.         0.16666666 0.         0.         0.16666666
 0.         0.         0.         0.16666666 0.16666666 0.16666666
 0.16666666]",1.1622899864570455,1.3820831350937919,0.0,0.1666666567325592,0.0,0.0,0.1666666567325592,0.0,0.0,0.0,0.1666666567325592,0.1666666567325592,0.1666666567325592,0.1666666567325592,0.0
872,2017-08-01,[0.  0.  0.  0.2 0.2 0.  0.2 0.  0.2 0.2 0.  0.  0. ],1.1641871998106934,1.3856127457450313,0.0,0.0,0.20000000298023224,0.20000000298023224,0.0,0.20000000298023224,0.0,0.20000000298023224,0.20000000298023224,0.0,0.0,0.0,0.0
873,2017-08-02,"[0.    0.125 0.125 0.    0.125 0.125 0.    0.125 0.125 0.125 0.    0.
 0.125]",1.1748198153602998,1.3928634808705453,0.125,0.125,0.0,0.125,0.125,0.0,0.125,0.125,0.125,0.0,0.0,0.125,0.0
874,2017-08-03,"[0.    0.    0.125 0.125 0.125 0.    0.125 0.125 0.    0.125 0.    0.125
 0.125]",1.1773109498835124,1.3867497678460368,0.0,0.125,0.125,0.125,0.0,0.125,0.125,0.0,0.125,0.0,0.125,0.125,0.0
875,2017-08-04,[0.   0.25 0.   0.25 0.25 0.   0.   0.   0.25 0.   0.   0.   0.  ],1.1714800966015844,1.377073925713578,0.25,0.0,0.25,0.25,0.0,0.0,0.0,0.25,0.0,0.0,0.0,0.0,0.0
876,2017-08-07,"[0.    0.125 0.    0.    0.125 0.125 0.    0.125 0.125 0.    0.125 0.125
 0.125]",1.173428761578984,1.3815103621246163,0.125,0.0,0.0,0.125,0.125,0.0,0.125,0.125,0.0,0.125,0.125,0.125,0.0
877,2017-08-08,"[0.        0.        0.        0.3333333 0.3333333 0.        0.
 0.        0.        0.        0.        0.3333333 0.       ]",1.174449676017811,1.3818462831824763,0.0,0.0,0.3333333134651184,0.3333333134651184,0.0,0.0,0.0,0.0,0.0,0.0,0.3333333134651184,0.0,0.0
878,2017-08-09,[0.   0.   0.   0.   0.25 0.25 0.   0.25 0.25 0.   0.   0.   0.  ],1.174749789622057,1.3832206909656979,0.0,0.0,0.0,0.25,0.25,0.0,0.25,0.25,0.0,0.0,0.0,0.0,0.0
879,2017-08-10,"[0.         0.14285715 0.         0.14285715 0.         0.14285715
 0.14285715 0.14285715 0.14285715 0.14285715 0.         0.
 0.        ]",1.1736348891003499,1.3875835005459007,0.1428571492433548,0.0,0.1428571492433548,0.0,0.1428571492433548,0.1428571492433548,0.1428571492433548,0.1428571492433548,0.1428571492433548,0.0,0.0,0.0,0.0
880,2017-08-11,"[0.         0.14285715 0.         0.14285715 0.14285715 0.14285715
 0.14285715 0.14285715 0.         0.         0.14285715 0.
 0.        ]",1.1759488493376753,1.3876301724228381,0.1428571492433548,0.0,0.1428571492433548,0.1428571492433548,0.1428571492433548,0.1428571492433548,0.1428571492433548,0.0,0.0,0.1428571492433548,0.0,0.0,0.0
881,2017-08-14,[0.  0.  0.2 0.2 0.2 0.2 0.  0.  0.2 0.  0.  0.  0. ],1.167816199171993,1.3741512515696324,0.0,0.20000000298023224,0.20000000298023224,0.20000000298023224,0.20000000298023224,0.0,0.0,0.20000000298023224,0.0,0.0,0.0,0.0,0.0
882,2017-08-15,[0.  0.5 0.  0.  0.  0.  0.  0.  0.  0.  0.  0.  0.5],1.167981762786218,1.3769646372815434,0.5,0.0,0.0,0.0,0.0,0.0,0.0,0.0,0.0,0.0,0.0,0.5,0.0
883,2017-08-16,"[0.         0.         0.         0.16666666 0.         0.
 0.         0.16666666 0.16666666 0.16666666 0.16666666 0.16666666
 0.        ]",1.1843243881341816,1.399880726239958,0.0,0.0,0.1666666567325592,0.0,0.0,0.0,0.1666666567325592,0.1666666567325592,0.1666666567325592,0.1666666567325592,0.1666666567325592,0.0,0.0
884,2017-08-17,"[0.         0.16666666 0.         0.         0.16666666 0.16666666
 0.16666666 0.         0.         0.16666666 0.         0.
 0.16666666]",1.1800433325445192,1.3944893490965453,0.1666666567325592,0.0,0.0,0.1666666567325592,0.1666666567325592,0.1666666567325592,0.0,0.0,0.1666666567325592,0.0,0.0,0.1666666567325592,0.0
885,2017-08-18,"[0.    0.125 0.    0.125 0.125 0.125 0.125 0.125 0.    0.    0.125 0.125
 0.   ]",1.1742363279242165,1.383106793880936,0.125,0.0,0.125,0.125,0.125,0.125,0.125,0.0,0.0,0.125,0.125,0.0,0.0
886,2017-08-21,"[0.         0.16666666 0.         0.16666666 0.         0.16666666
 0.16666666 0.         0.         0.         0.16666666 0.16666666
 0.        ]",1.1509265302740967,1.35893517222226,0.1666666567325592,0.0,0.1666666567325592,0.0,0.1666666567325592,0.1666666567325592,0.0,0.0,0.0,0.1666666567325592,0.1666666567325592,0.0,0.0
887,2017-08-22,"[0.        0.        0.        0.        0.3333333 0.        0.
 0.        0.3333333 0.        0.3333333 0.        0.       ]",1.150197087519145,1.357528612082249,0.0,0.0,0.0,0.3333333134651184,0.0,0.0,0.0,0.3333333134651184,0.0,0.3333333134651184,0.0,0.0,0.0
888,2017-08-23,[0.  0.2 0.2 0.  0.2 0.  0.  0.2 0.  0.  0.  0.  0.2],1.1552093973574953,1.3583005787402782,0.20000000298023224,0.20000000298023224,0.0,0.20000000298023224,0.0,0.0,0.20000000298023224,0.0,0.0,0.0,0.0,0.20000000298023224,0.0
889,2017-08-24,"[0.         0.14285715 0.14285715 0.14285715 0.14285715 0.
 0.         0.14285715 0.14285715 0.         0.         0.
 0.14285715]",1.157594018762784,1.3593979840762667,0.1428571492433548,0.1428571492433548,0.1428571492433548,0.1428571492433548,0.0,0.0,0.1428571492433548,0.1428571492433548,0.0,0.0,0.0,0.1428571492433548,0.0
890,2017-08-25,"[0.         0.16666666 0.16666666 0.         0.16666666 0.
 0.16666666 0.16666666 0.         0.         0.16666666 0.
 0.        ]",1.1713151687770957,1.3761545187365634,0.1666666567325592,0.1666666567325592,0.0,0.1666666567325592,0.0,0.1666666567325592,0.1666666567325592,0.0,0.0,0.1666666567325592,0.0,0.0,0.0
891,2017-08-28,[0.  0.2 0.2 0.  0.  0.2 0.  0.  0.2 0.  0.  0.2 0. ],1.173058097110485,1.3806719550252964,0.20000000298023224,0.20000000298023224,0.0,0.0,0.20000000298023224,0.0,0.0,0.20000000298023224,0.0,0.0,0.20000000298023224,0.0,0.0
892,2017-08-29,"[0.         0.         0.14285715 0.         0.14285715 0.14285715
 0.14285715 0.         0.         0.         0.14285715 0.14285715
 0.14285715]",1.1777016104051674,1.3826874877798485,0.0,0.1428571492433548,0.0,0.1428571492433548,0.1428571492433548,0.1428571492433548,0.0,0.0,0.0,0.1428571492433548,0.1428571492433548,0.1428571492433548,0.0
893,2017-08-30,[0.  0.2 0.  0.2 0.  0.  0.  0.  0.  0.2 0.2 0.2 0. ],1.1736036205986469,1.3753919179006087,0.20000000298023224,0.0,0.20000000298023224,0.0,0.0,0.0,0.0,0.0,0.20000000298023224,0.20000000298023224,0.20000000298023224,0.0,0.0
894,2017-08-31,"[0.         0.16666666 0.16666666 0.         0.16666666 0.
 0.         0.16666666 0.16666666 0.         0.16666666 0.
 0.        ]",1.1818255190863038,1.3842555861583101,0.1666666567325592,0.1666666567325592,0.0,0.1666666567325592,0.0,0.0,0.1666666567325592,0.1666666567325592,0.0,0.1666666567325592,0.0,0.0,0.0
895,2017-09-01,"[0.    0.    0.125 0.    0.125 0.    0.125 0.125 0.125 0.125 0.125 0.
 0.125]",1.1900386104334462,1.3997377525610144,0.0,0.125,0.0,0.125,0.0,0.125,0.125,0.125,0.125,0.125,0.0,0.125,0.0
896,2017-09-05,"[0.    0.125 0.125 0.    0.    0.125 0.    0.125 0.125 0.125 0.125 0.125
 0.   ]",1.1973683725605113,1.4047997908043164,0.125,0.125,0.0,0.0,0.125,0.0,0.125,0.125,0.125,0.125,0.125,0.0,0.0
897,2017-09-06,[0.  0.2 0.  0.  0.  0.2 0.  0.2 0.  0.  0.  0.2 0.2],1.190962779656916,1.3978904374546572,0.20000000298023224,0.0,0.0,0.0,0.20000000298023224,0.0,0.20000000298023224,0.0,0.0,0.0,0.20000000298023224,0.20000000298023224,0.0
898,2017-09-07,"[0.         0.         0.         0.16666666 0.16666666 0.
 0.16666666 0.16666666 0.16666666 0.         0.16666666 0.
 0.        ]",1.195761829511038,1.393248822862969,0.0,0.0,0.1666666567325592,0.1666666567325592,0.0,0.1666666567325592,0.1666666567325592,0.1666666567325592,0.0,0.1666666567325592,0.0,0.0,0.0
899,2017-09-08,"[0.    0.    0.125 0.125 0.125 0.    0.    0.125 0.125 0.125 0.    0.125
 0.125]",1.1960856459874445,1.3942301998706743,0.0,0.125,0.125,0.125,0.0,0.0,0.125,0.125,0.125,0.0,0.125,0.125,0.0
900,2017-09-11,"[0.         0.16666666 0.16666666 0.         0.         0.16666666
 0.16666666 0.         0.         0.         0.16666666 0.
 0.16666666]",1.1903757598226192,1.3887419945480706,0.1666666567325592,0.1666666567325592,0.0,0.0,0.1666666567325592,0.1666666567325592,0.0,0.0,0.0,0.1666666567325592,0.0,0.1666666567325592,0.0
901,2017-09-12,"[0.         0.         0.16666666 0.16666666 0.         0.
 0.16666666 0.16666666 0.16666666 0.         0.16666666 0.
 0.        ]",1.1938058795398976,1.3971025042799647,0.0,0.1666666567325592,0.1666666567325592,0.0,0.0,0.1666666567325592,0.1666666567325592,0.1666666567325592,0.0,0.1666666567325592,0.0,0.0,0.0
902,2017-09-13,"[0.         0.14285715 0.14285715 0.14285715 0.14285715 0.
 0.         0.         0.14285715 0.         0.14285715 0.14285715
 0.        ]",1.2051450532630836,1.4120727134483653,0.1428571492433548,0.1428571492433548,0.1428571492433548,0.1428571492433548,0.0,0.0,0.0,0.1428571492433548,0.0,0.1428571492433548,0.1428571492433548,0.0,0.0
903,2017-09-14,"[0.         0.16666666 0.         0.16666666 0.16666666 0.16666666
 0.         0.16666666 0.         0.         0.16666666 0.
 0.        ]",1.217560413725891,1.4214856500394188,0.1666666567325592,0.0,0.1666666567325592,0.1666666567325592,0.1666666567325592,0.0,0.1666666567325592,0.0,0.0,0.1666666567325592,0.0,0.0,0.0
904,2017-09-15,[0.   0.25 0.25 0.   0.   0.   0.25 0.   0.   0.25 0.   0.   0.  ],1.2346857657007977,1.4313079336092362,0.25,0.25,0.0,0.0,0.0,0.25,0.0,0.0,0.25,0.0,0.0,0.0,0.0
905,2017-09-18,"[0.        0.1111111 0.        0.1111111 0.1111111 0.1111111 0.
 0.1111111 0.        0.1111111 0.1111111 0.1111111 0.1111111]",1.2425166888010946,1.434457905722178,0.1111111044883728,0.0,0.1111111044883728,0.1111111044883728,0.1111111044883728,0.0,0.1111111044883728,0.0,0.1111111044883728,0.1111111044883728,0.1111111044883728,0.1111111044883728,0.0
906,2017-09-19,[0.  0.2 0.2 0.  0.  0.  0.  0.  0.  0.  0.2 0.2 0.2],1.2524506732779834,1.4424709742713133,0.20000000298023224,0.20000000298023224,0.0,0.0,0.0,0.0,0.0,0.0,0.0,0.20000000298023224,0.20000000298023224,0.20000000298023224,0.0
907,2017-09-20,[0. 0. 0. 0. 0. 0. 0. 1. 0. 0. 0. 0. 0.],1.279633269039463,1.4562690865197963,0.0,0.0,0.0,0.0,0.0,0.0,1.0,0.0,0.0,0.0,0.0,0.0,0.0
908,2017-09-21,"[0.         0.         0.14285715 0.         0.         0.14285715
 0.         0.         0.14285715 0.14285715 0.14285715 0.14285715
 0.14285715]",1.2609846575839072,1.4624519774480378,0.0,0.1428571492433548,0.0,0.0,0.1428571492433548,0.0,0.0,0.1428571492433548,0.1428571492433548,0.1428571492433548,0.1428571492433548,0.1428571492433548,0.0
909,2017-09-22,[0.  0.2 0.  0.  0.  0.2 0.2 0.2 0.  0.  0.  0.2 0. ],1.2558143963722372,1.4649009696023136,0.20000000298023224,0.0,0.0,0.0,0.20000000298023224,0.20000000298023224,0.20000000298023224,0.0,0.0,0.0,0.20000000298023224,0.0,0.0
910,2017-09-25,[0.   0.25 0.   0.   0.25 0.   0.25 0.   0.   0.25 0.   0.   0.  ],1.2534708870610904,1.4627062700401654,0.25,0.0,0.0,0.25,0.0,0.25,0.0,0.0,0.25,0.0,0.0,0.0,0.0
911,2017-09-26,[0.   0.25 0.25 0.   0.   0.25 0.   0.   0.   0.25 0.   0.   0.  ],1.2517350642432368,1.463678888513473,0.25,0.25,0.0,0.0,0.25,0.0,0.0,0.0,0.25,0.0,0.0,0.0,0.0
912,2017-09-27,[0.   0.25 0.   0.   0.   0.   0.25 0.25 0.25 0.   0.   0.   0.  ],1.2456877137905982,1.4587140173044233,0.25,0.0,0.0,0.0,0.0,0.25,0.25,0.25,0.0,0.0,0.0,0.0,0.0
913,2017-09-28,"[0.         0.         0.16666666 0.16666666 0.16666666 0.
 0.16666666 0.         0.         0.         0.16666666 0.16666666
 0.        ]",1.2500773148022153,1.4630402600233798,0.0,0.1666666567325592,0.1666666567325592,0.1666666567325592,0.0,0.1666666567325592,0.0,0.0,0.0,0.1666666567325592,0.1666666567325592,0.0,0.0
914,2017-09-29,"[0.         0.14285715 0.         0.14285715 0.14285715 0.14285715
 0.         0.14285715 0.         0.         0.         0.14285715
 0.14285715]",1.2663054226789803,1.4759133951153214,0.1428571492433548,0.0,0.1428571492433548,0.1428571492433548,0.1428571492433548,0.0,0.1428571492433548,0.0,0.0,0.0,0.1428571492433548,0.1428571492433548,0.0
915,2017-10-02,"[0.    0.    0.    0.125 0.125 0.125 0.125 0.    0.    0.125 0.125 0.125
 0.125]",1.2694451639011592,1.479621610907745,0.0,0.0,0.125,0.125,0.125,0.125,0.0,0.0,0.125,0.125,0.125,0.125,0.0
916,2017-10-03,[0.  0.  0.  0.2 0.2 0.2 0.  0.  0.2 0.2 0.  0.  0. ],1.274117970972337,1.4855400781989407,0.0,0.0,0.20000000298023224,0.20000000298023224,0.20000000298023224,0.0,0.0,0.20000000298023224,0.20000000298023224,0.0,0.0,0.0,0.0
917,2017-10-04,[0.  0.  0.2 0.2 0.  0.  0.  0.2 0.  0.  0.  0.2 0.2],1.2892710627902402,1.4984281818542253,0.0,0.20000000298023224,0.20000000298023224,0.0,0.0,0.0,0.20000000298023224,0.0,0.0,0.0,0.20000000298023224,0.20000000298023224,0.0
918,2017-10-05,[0.  0.  0.  0.  0.  0.  0.5 0.  0.5 0.  0.  0.  0. ],1.2998145761769266,1.5045625620234233,0.0,0.0,0.0,0.0,0.0,0.5,0.0,0.5,0.0,0.0,0.0,0.0,0.0
919,2017-10-06,"[0.        0.        0.        0.        0.3333333 0.        0.3333333
 0.        0.3333333 0.        0.        0.        0.       ]",1.299699654186336,1.4976974004697765,0.0,0.0,0.0,0.3333333134651184,0.0,0.3333333134651184,0.0,0.3333333134651184,0.0,0.0,0.0,0.0,0.0
920,2017-10-09,[0.   0.   0.   0.25 0.   0.   0.   0.25 0.   0.   0.25 0.   0.25],1.3077764687078652,1.505905293853804,0.0,0.0,0.25,0.0,0.0,0.0,0.25,0.0,0.0,0.25,0.0,0.25,0.0
921,2017-10-10,"[0.    0.125 0.125 0.    0.125 0.    0.125 0.    0.125 0.125 0.125 0.
 0.125]",1.3123873492132563,1.5084725800108132,0.125,0.125,0.0,0.125,0.0,0.125,0.0,0.125,0.125,0.125,0.0,0.125,0.0
922,2017-10-11,"[0.         0.16666666 0.         0.         0.         0.16666666
 0.         0.         0.16666666 0.16666666 0.16666666 0.
 0.16666666]",1.3129255915982148,1.5113394175227348,0.1666666567325592,0.0,0.0,0.0,0.1666666567325592,0.0,0.0,0.1666666567325592,0.1666666567325592,0.1666666567325592,0.0,0.1666666567325592,0.0
923,2017-10-12,"[0.         0.         0.         0.16666666 0.16666666 0.16666666
 0.         0.16666666 0.         0.         0.         0.16666666
 0.16666666]",1.3101580811082487,1.5138924981112665,0.0,0.0,0.1666666567325592,0.1666666567325592,0.1666666567325592,0.0,0.1666666567325592,0.0,0.0,0.0,0.1666666567325592,0.1666666567325592,0.0
924,2017-10-13,"[0.    0.125 0.125 0.    0.125 0.125 0.125 0.    0.125 0.125 0.    0.
 0.125]",1.3042695599506742,1.5143103205764108,0.125,0.125,0.0,0.125,0.125,0.125,0.0,0.125,0.125,0.0,0.0,0.125,0.0
925,2017-10-16,"[0.         0.16666666 0.         0.16666666 0.         0.
 0.         0.16666666 0.16666666 0.16666666 0.         0.16666666
 0.        ]",1.2939815690510168,1.5062352539579709,0.1666666567325592,0.0,0.1666666567325592,0.0,0.0,0.0,0.1666666567325592,0.1666666567325592,0.1666666567325592,0.0,0.1666666567325592,0.0,0.0
926,2017-10-17,[0.  0.  0.  0.  0.  0.  0.2 0.2 0.2 0.  0.2 0.2 0. ],1.2897410811117738,1.5050492406055112,0.0,0.0,0.0,0.0,0.0,0.20000000298023224,0.20000000298023224,0.20000000298023224,0.0,0.20000000298023224,0.20000000298023224,0.0,0.0
927,2017-10-18,[0.  0.  0.  0.  0.2 0.2 0.  0.  0.  0.2 0.  0.2 0.2],1.280331427408538,1.5044928558142656,0.0,0.0,0.0,0.20000000298023224,0.20000000298023224,0.0,0.0,0.0,0.20000000298023224,0.0,0.20000000298023224,0.20000000298023224,0.0
928,2017-10-19,[0.  0.2 0.  0.2 0.  0.  0.  0.  0.2 0.  0.2 0.  0.2],1.277686485333582,1.5075998081763649,0.20000000298023224,0.0,0.20000000298023224,0.0,0.0,0.0,0.0,0.20000000298023224,0.0,0.20000000298023224,0.0,0.20000000298023224,0.0
929,2017-10-20,[0.  0.2 0.  0.2 0.2 0.2 0.  0.  0.  0.  0.2 0.  0. ],1.2722083919117968,1.501029814034066,0.20000000298023224,0.0,0.20000000298023224,0.20000000298023224,0.20000000298023224,0.0,0.0,0.0,0.0,0.20000000298023224,0.0,0.0,0.0
930,2017-10-23,"[0.    0.125 0.125 0.125 0.    0.125 0.    0.125 0.125 0.125 0.    0.
 0.125]",1.2961023534785088,1.522295612153004,0.125,0.125,0.125,0.0,0.125,0.0,0.125,0.125,0.125,0.0,0.0,0.125,0.0
931,2017-10-24,[0.  0.2 0.2 0.2 0.  0.  0.  0.2 0.  0.  0.  0.  0.2],1.2944790566617113,1.5162734359980952,0.20000000298023224,0.20000000298023224,0.20000000298023224,0.0,0.0,0.0,0.20000000298023224,0.0,0.0,0.0,0.0,0.20000000298023224,0.0
932,2017-10-25,[0.  0.2 0.  0.  0.2 0.  0.2 0.  0.2 0.2 0.  0.  0. ],1.293581093596783,1.5150913903739873,0.20000000298023224,0.0,0.0,0.20000000298023224,0.0,0.20000000298023224,0.0,0.20000000298023224,0.20000000298023224,0.0,0.0,0.0,0.0
933,2017-10-26,"[0.         0.         0.14285715 0.14285715 0.         0.
 0.14285715 0.14285715 0.         0.14285715 0.14285715 0.14285715
 0.        ]",1.2943136734148513,1.514964763489725,0.0,0.1428571492433548,0.1428571492433548,0.0,0.0,0.1428571492433548,0.1428571492433548,0.0,0.1428571492433548,0.1428571492433548,0.1428571492433548,0.0,0.0
934,2017-10-27,"[0.         0.14285715 0.         0.         0.14285715 0.
 0.14285715 0.         0.14285715 0.14285715 0.14285715 0.14285715
 0.        ]",1.2845032163322678,1.499745654515447,0.1428571492433548,0.0,0.0,0.1428571492433548,0.0,0.1428571492433548,0.0,0.1428571492433548,0.1428571492433548,0.1428571492433548,0.1428571492433548,0.0,0.0
935,2017-10-30,"[0.    0.    0.125 0.125 0.125 0.    0.125 0.125 0.125 0.    0.    0.125
 0.125]",1.295601420301776,1.5061991132172317,0.0,0.125,0.125,0.125,0.0,0.125,0.125,0.125,0.0,0.0,0.125,0.125,0.0
936,2017-10-31,[0.  0.  0.  0.2 0.2 0.  0.2 0.  0.2 0.  0.2 0.  0. ],1.2968348177740092,1.512739106925408,0.0,0.0,0.20000000298023224,0.20000000298023224,0.0,0.20000000298023224,0.0,0.20000000298023224,0.0,0.20000000298023224,0.0,0.0,0.0
937,2017-11-01,"[0.         0.14285715 0.14285715 0.14285715 0.14285715 0.
 0.14285715 0.         0.14285715 0.14285715 0.         0.
 0.        ]",1.287194250697078,1.509170626954172,0.1428571492433548,0.1428571492433548,0.1428571492433548,0.1428571492433548,0.0,0.1428571492433548,0.0,0.1428571492433548,0.1428571492433548,0.0,0.0,0.0,0.0
938,2017-11-02,"[0.         0.14285715 0.         0.14285715 0.         0.14285715
 0.14285715 0.         0.         0.14285715 0.14285715 0.
 0.14285715]",1.2973593124918859,1.5190259770117651,0.1428571492433548,0.0,0.1428571492433548,0.0,0.1428571492433548,0.1428571492433548,0.0,0.0,0.1428571492433548,0.1428571492433548,0.0,0.1428571492433548,0.0
939,2017-11-03,"[0.         0.14285715 0.         0.         0.14285715 0.
 0.         0.14285715 0.         0.14285715 0.14285715 0.14285715
 0.14285715]",1.2944198543788252,1.51029605973027,0.1428571492433548,0.0,0.0,0.1428571492433548,0.0,0.0,0.1428571492433548,0.0,0.1428571492433548,0.1428571492433548,0.1428571492433548,0.1428571492433548,0.0
940,2017-11-06,[0.   0.   0.25 0.25 0.   0.   0.   0.   0.25 0.   0.   0.25 0.  ],1.2992077479537276,1.5153017125782915,0.0,0.25,0.25,0.0,0.0,0.0,0.0,0.25,0.0,0.0,0.25,0.0,0.0
941,2017-11-07,[0.   0.   0.25 0.25 0.   0.   0.25 0.25 0.   0.   0.   0.   0.  ],1.3060069539590198,1.5213017063709073,0.0,0.25,0.25,0.0,0.0,0.25,0.25,0.0,0.0,0.0,0.0,0.0,0.0
942,2017-11-08,[0.  0.2 0.2 0.2 0.  0.  0.  0.2 0.  0.2 0.  0.  0. ],1.3047643130733693,1.5231773232072654,0.20000000298023224,0.20000000298023224,0.20000000298023224,0.0,0.0,0.0,0.20000000298023224,0.0,0.20000000298023224,0.0,0.0,0.0,0.0
943,2017-11-09,[0.  0.2 0.  0.2 0.  0.  0.2 0.  0.2 0.  0.2 0.  0. ],1.2858024178891827,1.5013066310172596,0.20000000298023224,0.0,0.20000000298023224,0.0,0.0,0.20000000298023224,0.0,0.20000000298023224,0.0,0.20000000298023224,0.0,0.0,0.0
944,2017-11-10,"[0.         0.         0.14285715 0.         0.14285715 0.
 0.14285715 0.         0.14285715 0.         0.14285715 0.14285715
 0.14285715]",1.2844514135575924,1.4942575464083598,0.0,0.1428571492433548,0.0,0.1428571492433548,0.0,0.1428571492433548,0.0,0.1428571492433548,0.0,0.1428571492433548,0.1428571492433548,0.1428571492433548,0.0
945,2017-11-13,"[0.    0.    0.125 0.    0.125 0.    0.    0.125 0.125 0.125 0.125 0.125
 0.125]",1.277929772370465,1.493138147625011,0.0,0.125,0.0,0.125,0.0,0.0,0.125,0.125,0.125,0.125,0.125,0.125,0.0
946,2017-11-14,"[0.         0.         0.         0.14285715 0.14285715 0.
 0.14285715 0.14285715 0.14285715 0.         0.14285715 0.14285715
 0.        ]",1.2754297519827755,1.4886272512513323,0.0,0.0,0.1428571492433548,0.1428571492433548,0.0,0.1428571492433548,0.1428571492433548,0.1428571492433548,0.0,0.1428571492433548,0.1428571492433548,0.0,0.0
947,2017-11-15,[0.  0.  0.2 0.2 0.  0.  0.  0.2 0.  0.2 0.2 0.  0. ],1.2880825301040542,1.4986756198174744,0.0,0.20000000298023224,0.20000000298023224,0.0,0.0,0.0,0.20000000298023224,0.0,0.20000000298023224,0.20000000298023224,0.0,0.0,0.0
948,2017-11-16,"[0.         0.         0.         0.16666666 0.16666666 0.16666666
 0.         0.         0.         0.16666666 0.         0.16666666
 0.16666666]",1.2816289032944268,1.4880621531638176,0.0,0.0,0.1666666567325592,0.1666666567325592,0.1666666567325592,0.0,0.0,0.0,0.1666666567325592,0.0,0.1666666567325592,0.1666666567325592,0.0
949,2017-11-17,"[0.        0.3333333 0.        0.3333333 0.        0.        0.
 0.        0.        0.3333333 0.        0.        0.       ]",1.278223509074692,1.4914834581782659,0.3333333134651184,0.0,0.3333333134651184,0.0,0.0,0.0,0.0,0.0,0.3333333134651184,0.0,0.0,0.0,0.0
950,2017-11-20,"[0.        0.1111111 0.1111111 0.1111111 0.        0.1111111 0.1111111
 0.1111111 0.1111111 0.1111111 0.        0.1111111 0.       ]",1.2693797556910642,1.4922293394085893,0.1111111044883728,0.1111111044883728,0.1111111044883728,0.0,0.1111111044883728,0.1111111044883728,0.1111111044883728,0.1111111044883728,0.1111111044883728,0.0,0.1111111044883728,0.0,0.0
951,2017-11-21,"[0.        0.1111111 0.1111111 0.1111111 0.1111111 0.1111111 0.1111111
 0.        0.        0.1111111 0.1111111 0.        0.1111111]",1.2755615335378805,1.4960493936794084,0.1111111044883728,0.1111111044883728,0.1111111044883728,0.1111111044883728,0.1111111044883728,0.1111111044883728,0.0,0.0,0.1111111044883728,0.1111111044883728,0.0,0.1111111044883728,0.0
952,2017-11-22,[0.   0.   0.25 0.25 0.   0.   0.   0.   0.25 0.   0.   0.25 0.  ],1.2866645228528362,1.5036549192265343,0.0,0.25,0.25,0.0,0.0,0.0,0.0,0.25,0.0,0.0,0.25,0.0,0.0
953,2017-11-24,[0.  0.2 0.2 0.  0.2 0.  0.2 0.  0.2 0.  0.  0.  0. ],1.3119806236428466,1.5153742554648957,0.20000000298023224,0.20000000298023224,0.0,0.20000000298023224,0.0,0.20000000298023224,0.0,0.20000000298023224,0.0,0.0,0.0,0.0,0.0
954,2017-11-27,[0.  0.2 0.2 0.  0.  0.  0.2 0.2 0.  0.  0.  0.  0.2],1.3094484289724388,1.5082357634916999,0.20000000298023224,0.20000000298023224,0.0,0.0,0.0,0.20000000298023224,0.20000000298023224,0.0,0.0,0.0,0.0,0.20000000298023224,0.0
955,2017-11-28,"[0.    0.125 0.125 0.    0.125 0.125 0.    0.125 0.    0.125 0.125 0.125
 0.   ]",1.3076799416635443,1.5035396068126234,0.125,0.125,0.0,0.125,0.125,0.0,0.125,0.0,0.125,0.125,0.125,0.0,0.0
956,2017-11-29,[0.   0.   0.   0.25 0.25 0.   0.   0.25 0.   0.   0.   0.25 0.  ],1.3096662740562368,1.5065251329236014,0.0,0.0,0.25,0.25,0.0,0.0,0.25,0.0,0.0,0.0,0.25,0.0,0.0
957,2017-11-30,[0.  0.1 0.1 0.1 0.  0.1 0.1 0.  0.1 0.1 0.1 0.1 0.1],1.3462578847299134,1.534177257453513,0.10000000149011612,0.10000000149011612,0.10000000149011612,0.0,0.10000000149011612,0.10000000149011612,0.0,0.10000000149011612,0.10000000149011612,0.10000000149011612,0.10000000149011612,0.10000000149011612,0.0
958,2017-12-01,"[0.         0.         0.14285715 0.         0.14285715 0.
 0.         0.14285715 0.14285715 0.14285715 0.14285715 0.14285715
 0.        ]",1.3413010408973731,1.5338988474214064,0.0,0.1428571492433548,0.0,0.1428571492433548,0.0,0.0,0.1428571492433548,0.1428571492433548,0.1428571492433548,0.1428571492433548,0.1428571492433548,0.0,0.0
959,2017-12-04,"[0.         0.         0.16666666 0.16666666 0.16666666 0.16666666
 0.         0.         0.16666666 0.         0.         0.16666666
 0.        ]",1.3316708628343237,1.5241881055501367,0.0,0.1666666567325592,0.1666666567325592,0.1666666567325592,0.1666666567325592,0.0,0.0,0.1666666567325592,0.0,0.0,0.1666666567325592,0.0,0.0
960,2017-12-05,[0.  0.2 0.  0.2 0.  0.  0.2 0.  0.  0.  0.2 0.  0.2],1.348721390091256,1.5363050960717313,0.20000000298023224,0.0,0.20000000298023224,0.0,0.0,0.20000000298023224,0.0,0.0,0.0,0.20000000298023224,0.0,0.20000000298023224,0.0
961,2017-12-06,"[0.         0.         0.14285715 0.14285715 0.         0.14285715
 0.         0.14285715 0.         0.14285715 0.14285715 0.14285715
 0.        ]",1.3381392892556851,1.516327302770368,0.0,0.1428571492433548,0.1428571492433548,0.0,0.1428571492433548,0.0,0.1428571492433548,0.0,0.1428571492433548,0.1428571492433548,0.1428571492433548,0.0,0.0
962,2017-12-07,[0.  0.2 0.  0.2 0.2 0.  0.  0.2 0.  0.2 0.  0.  0. ],1.3293912066401405,1.5083278605569046,0.20000000298023224,0.0,0.20000000298023224,0.20000000298023224,0.0,0.0,0.20000000298023224,0.0,0.20000000298023224,0.0,0.0,0.0,0.0
963,2017-12-08,"[0.    0.125 0.    0.    0.125 0.125 0.125 0.125 0.    0.125 0.125 0.125
 0.   ]",1.322812245912268,1.5033814201100326,0.125,0.0,0.0,0.125,0.125,0.125,0.125,0.0,0.125,0.125,0.125,0.0,0.0
964,2017-12-11,"[0.    0.125 0.125 0.    0.125 0.125 0.125 0.    0.    0.    0.125 0.125
 0.125]",1.3249497394140595,1.5113770359495406,0.125,0.125,0.0,0.125,0.125,0.125,0.0,0.0,0.0,0.125,0.125,0.125,0.0
965,2017-12-12,[0.  0.1 0.1 0.1 0.  0.1 0.1 0.1 0.1 0.1 0.1 0.  0.1],1.3222637215235589,1.5077298790348033,0.10000000149011612,0.10000000149011612,0.10000000149011612,0.0,0.10000000149011612,0.10000000149011612,0.10000000149011612,0.10000000149011612,0.10000000149011612,0.10000000149011612,0.0,0.10000000149011612,0.0
966,2017-12-13,[0.  0.2 0.2 0.  0.  0.2 0.  0.  0.  0.  0.2 0.  0.2],1.3294664805601766,1.5159579677364223,0.20000000298023224,0.20000000298023224,0.0,0.0,0.20000000298023224,0.0,0.0,0.0,0.0,0.20000000298023224,0.0,0.20000000298023224,0.0
967,2017-12-14,"[0.        0.        0.        0.3333333 0.        0.3333333 0.
 0.        0.3333333 0.        0.        0.        0.       ]",1.3294599025805358,1.5119322378180944,0.0,0.0,0.3333333134651184,0.0,0.3333333134651184,0.0,0.0,0.3333333134651184,0.0,0.0,0.0,0.0,0.0
968,2017-12-15,"[0.         0.         0.16666666 0.16666666 0.16666666 0.
 0.         0.16666666 0.16666666 0.16666666 0.         0.
 0.        ]",1.3300543143176653,1.5068138187237978,0.0,0.1666666567325592,0.1666666567325592,0.1666666567325592,0.0,0.0,0.1666666567325592,0.1666666567325592,0.1666666567325592,0.0,0.0,0.0,0.0
969,2017-12-18,"[0.         0.         0.16666666 0.16666666 0.         0.
 0.16666666 0.         0.         0.         0.16666666 0.16666666
 0.16666666]",1.3228346653677125,1.503987671099353,0.0,0.1666666567325592,0.1666666567325592,0.0,0.0,0.1666666567325592,0.0,0.0,0.0,0.1666666567325592,0.1666666567325592,0.1666666567325592,0.0
970,2017-12-19,[0.   0.   0.   0.25 0.   0.   0.25 0.   0.25 0.   0.25 0.   0.  ],1.3513423549962633,1.5317138365035177,0.0,0.0,0.25,0.0,0.0,0.25,0.0,0.25,0.0,0.25,0.0,0.0,0.0
971,2017-12-20,"[0.        0.        0.        0.        0.        0.        0.
 0.        0.3333333 0.3333333 0.        0.        0.3333333]",1.3534036314323865,1.5410826890954479,0.0,0.0,0.0,0.0,0.0,0.0,0.0,0.3333333134651184,0.3333333134651184,0.0,0.0,0.3333333134651184,0.0
972,2017-12-21,"[0.    0.    0.    0.125 0.    0.125 0.125 0.125 0.    0.125 0.125 0.125
 0.125]",1.3588704785209493,1.539581553487073,0.0,0.0,0.125,0.0,0.125,0.125,0.125,0.0,0.125,0.125,0.125,0.125,0.0
973,2017-12-22,"[0.         0.14285715 0.14285715 0.14285715 0.         0.14285715
 0.14285715 0.14285715 0.         0.         0.         0.14285715
 0.        ]",1.356481901762451,1.5350796365438961,0.1428571492433548,0.1428571492433548,0.1428571492433548,0.0,0.1428571492433548,0.1428571492433548,0.1428571492433548,0.0,0.0,0.0,0.1428571492433548,0.0,0.0
974,2017-12-26,[0.  0.2 0.  0.  0.2 0.  0.2 0.  0.  0.2 0.  0.  0.2],1.3527743413610063,1.5280910451994787,0.20000000298023224,0.0,0.0,0.20000000298023224,0.0,0.20000000298023224,0.0,0.0,0.20000000298023224,0.0,0.0,0.20000000298023224,0.0
975,2017-12-27,"[0.         0.         0.16666666 0.         0.         0.16666666
 0.         0.         0.         0.16666666 0.16666666 0.16666666
 0.16666666]",1.3472929642575728,1.521342219069517,0.0,0.1666666567325592,0.0,0.0,0.1666666567325592,0.0,0.0,0.0,0.1666666567325592,0.1666666567325592,0.1666666567325592,0.1666666567325592,0.0
976,2017-12-28,[0.  0.5 0.  0.5 0.  0.  0.  0.  0.  0.  0.  0.  0. ],1.3491297195161207,1.5198752966140676,0.5,0.0,0.5,0.0,0.0,0.0,0.0,0.0,0.0,0.0,0.0,0.0,0.0
977,2017-12-29,"[0.         0.14285715 0.         0.         0.14285715 0.
 0.14285715 0.         0.14285715 0.14285715 0.14285715 0.14285715
 0.        ]",1.350548669652309,1.5270429140427535,0.1428571492433548,0.0,0.0,0.1428571492433548,0.0,0.1428571492433548,0.0,0.1428571492433548,0.1428571492433548,0.1428571492433548,0.1428571492433548,0.0,0.0
978,2018-01-02,"[0.         0.14285715 0.14285715 0.14285715 0.         0.14285715
 0.         0.14285715 0.         0.14285715 0.         0.
 0.14285715]",1.349782222693888,1.5273493704670258,0.1428571492433548,0.1428571492433548,0.1428571492433548,0.0,0.1428571492433548,0.0,0.1428571492433548,0.0,0.1428571492433548,0.0,0.0,0.1428571492433548,0.0
979,2018-01-03,"[0.         0.14285715 0.14285715 0.         0.14285715 0.14285715
 0.14285715 0.14285715 0.         0.         0.         0.14285715
 0.        ]",1.3502249878162063,1.5225938031442148,0.1428571492433548,0.1428571492433548,0.0,0.1428571492433548,0.1428571492433548,0.1428571492433548,0.1428571492433548,0.0,0.0,0.0,0.1428571492433548,0.0,0.0
980,2018-01-04,"[0.        0.        0.3333333 0.3333333 0.        0.        0.3333333
 0.        0.        0.        0.        0.        0.       ]",1.3500062615117077,1.5202955833092673,0.0,0.3333333134651184,0.3333333134651184,0.0,0.0,0.3333333134651184,0.0,0.0,0.0,0.0,0.0,0.0,0.0
981,2018-01-05,"[0.         0.14285715 0.14285715 0.14285715 0.         0.14285715
 0.14285715 0.14285715 0.         0.         0.14285715 0.
 0.        ]",1.3565404831088501,1.535264710782693,0.1428571492433548,0.1428571492433548,0.1428571492433548,0.0,0.1428571492433548,0.1428571492433548,0.1428571492433548,0.0,0.0,0.1428571492433548,0.0,0.0,0.0
982,2018-01-08,"[0.         0.         0.16666666 0.16666666 0.         0.
 0.16666666 0.         0.16666666 0.16666666 0.16666666 0.
 0.        ]",1.3678377954067835,1.5493701325045908,0.0,0.1666666567325592,0.1666666567325592,0.0,0.0,0.1666666567325592,0.0,0.1666666567325592,0.1666666567325592,0.1666666567325592,0.0,0.0,0.0
983,2018-01-09,"[0.         0.         0.16666666 0.         0.16666666 0.16666666
 0.         0.         0.16666666 0.         0.16666666 0.
 0.16666666]",1.3698103807362358,1.5486881866023594,0.0,0.1666666567325592,0.0,0.1666666567325592,0.1666666567325592,0.0,0.0,0.1666666567325592,0.0,0.1666666567325592,0.0,0.1666666567325592,0.0
984,2018-01-10,"[0.         0.         0.         0.         0.14285715 0.14285715
 0.14285715 0.14285715 0.14285715 0.14285715 0.         0.
 0.14285715]",1.3766006799702533,1.5473468485636273,0.0,0.0,0.0,0.1428571492433548,0.1428571492433548,0.1428571492433548,0.1428571492433548,0.1428571492433548,0.1428571492433548,0.0,0.0,0.1428571492433548,0.0
985,2018-01-11,"[0.         0.16666666 0.         0.         0.16666666 0.
 0.16666666 0.16666666 0.         0.         0.         0.16666666
 0.16666666]",1.367871332702672,1.5388647538584928,0.1666666567325592,0.0,0.0,0.1666666567325592,0.0,0.1666666567325592,0.1666666567325592,0.0,0.0,0.0,0.1666666567325592,0.1666666567325592,0.0
986,2018-01-12,"[0.         0.         0.16666666 0.16666666 0.16666666 0.
 0.         0.         0.16666666 0.16666666 0.         0.16666666
 0.        ]",1.3771752521326053,1.5479054653453128,0.0,0.1666666567325592,0.1666666567325592,0.1666666567325592,0.0,0.0,0.0,0.1666666567325592,0.1666666567325592,0.0,0.1666666567325592,0.0,0.0
987,2018-01-16,"[0.    0.125 0.125 0.125 0.125 0.125 0.    0.    0.    0.    0.125 0.125
 0.125]",1.4094746774888753,1.567844938355152,0.125,0.125,0.125,0.125,0.125,0.0,0.0,0.0,0.0,0.125,0.125,0.125,0.0
988,2018-01-17,"[0.         0.16666666 0.16666666 0.         0.         0.16666666
 0.16666666 0.16666666 0.16666666 0.         0.         0.
 0.        ]",1.4195650132841073,1.5741930041541417,0.1666666567325592,0.1666666567325592,0.0,0.0,0.1666666567325592,0.1666666567325592,0.1666666567325592,0.1666666567325592,0.0,0.0,0.0,0.0,0.0
989,2018-01-18,"[0.         0.16666666 0.         0.16666666 0.16666666 0.16666666
 0.16666666 0.         0.         0.         0.16666666 0.
 0.        ]",1.415673112147073,1.5602802871962373,0.1666666567325592,0.0,0.1666666567325592,0.1666666567325592,0.1666666567325592,0.1666666567325592,0.0,0.0,0.0,0.1666666567325592,0.0,0.0,0.0
990,2018-01-19,"[0.         0.16666666 0.         0.         0.         0.16666666
 0.         0.         0.16666666 0.16666666 0.         0.16666666
 0.16666666]",1.4263229225783718,1.572416896268098,0.1666666567325592,0.0,0.0,0.0,0.1666666567325592,0.0,0.0,0.1666666567325592,0.1666666567325592,0.0,0.1666666567325592,0.1666666567325592,0.0
991,2018-01-22,"[0.    0.125 0.125 0.    0.    0.125 0.125 0.125 0.    0.125 0.125 0.
 0.125]",1.4297527665732122,1.5748333834769015,0.125,0.125,0.0,0.0,0.125,0.125,0.125,0.0,0.125,0.125,0.0,0.125,0.0
992,2018-01-23,"[0.         0.16666666 0.16666666 0.16666666 0.         0.16666666
 0.         0.16666666 0.         0.         0.         0.
 0.16666666]",1.4263012284274057,1.577137187550115,0.1666666567325592,0.1666666567325592,0.1666666567325592,0.0,0.1666666567325592,0.0,0.1666666567325592,0.0,0.0,0.0,0.0,0.1666666567325592,0.0
993,2018-01-24,[0.  0.  0.2 0.  0.2 0.  0.2 0.  0.  0.  0.2 0.2 0. ],1.4358199094826816,1.5824476218743124,0.0,0.20000000298023224,0.0,0.20000000298023224,0.0,0.20000000298023224,0.0,0.0,0.0,0.20000000298023224,0.20000000298023224,0.0,0.0
994,2018-01-25,"[0.         0.         0.16666666 0.         0.16666666 0.
 0.16666666 0.         0.16666666 0.         0.16666666 0.16666666
 0.        ]",1.4597146264625738,1.5992332215389147,0.0,0.1666666567325592,0.0,0.1666666567325592,0.0,0.1666666567325592,0.0,0.1666666567325592,0.0,0.1666666567325592,0.1666666567325592,0.0,0.0
995,2018-01-26,"[0.        0.1111111 0.1111111 0.        0.1111111 0.1111111 0.
 0.1111111 0.1111111 0.        0.1111111 0.1111111 0.1111111]",1.4728362578982133,1.6170194059542478,0.1111111044883728,0.1111111044883728,0.0,0.1111111044883728,0.1111111044883728,0.0,0.1111111044883728,0.1111111044883728,0.0,0.1111111044883728,0.1111111044883728,0.1111111044883728,0.0
996,2018-01-29,"[0.         0.16666666 0.         0.         0.16666666 0.16666666
 0.16666666 0.         0.         0.16666666 0.16666666 0.
 0.        ]",1.4697287684966982,1.6221930465713055,0.1666666567325592,0.0,0.0,0.1666666567325592,0.1666666567325592,0.1666666567325592,0.0,0.0,0.1666666567325592,0.1666666567325592,0.0,0.0,0.0
997,2018-01-30,[0.  0.2 0.  0.2 0.  0.  0.  0.2 0.  0.  0.  0.2 0.2],1.4887433017190566,1.6391074201548133,0.20000000298023224,0.0,0.20000000298023224,0.0,0.0,0.0,0.20000000298023224,0.0,0.0,0.0,0.20000000298023224,0.20000000298023224,0.0
998,2018-01-31,[0.  0.  0.2 0.  0.2 0.2 0.2 0.  0.2 0.  0.  0.  0. ],1.4666300589317713,1.6241798785380297,0.0,0.20000000298023224,0.0,0.20000000298023224,0.20000000298023224,0.20000000298023224,0.0,0.20000000298023224,0.0,0.0,0.0,0.0,0.0
999,2018-02-01,[0.   0.   0.   0.   0.   0.25 0.25 0.   0.25 0.   0.   0.25 0.  ],1.4651843041203259,1.6239120793284791,0.0,0.0,0.0,0.0,0.25,0.25,0.0,0.25,0.0,0.0,0.25,0.0,0.0
1000,2018-02-02,[0.  0.  0.  0.2 0.  0.2 0.2 0.2 0.  0.  0.  0.  0.2],1.4166093984526937,1.5959094914654155,0.0,0.0,0.20000000298023224,0.0,0.20000000298023224,0.20000000298023224,0.20000000298023224,0.0,0.0,0.0,0.0,0.20000000298023224,0.0
1001,2018-02-05,"[0.        0.        0.1111111 0.1111111 0.1111111 0.1111111 0.1111111
 0.1111111 0.1111111 0.1111111 0.        0.        0.1111111]",1.4265657314787203,1.6056624591007997,0.0,0.1111111044883728,0.1111111044883728,0.1111111044883728,0.1111111044883728,0.1111111044883728,0.1111111044883728,0.1111111044883728,0.1111111044883728,0.0,0.0,0.1111111044883728,0.0
1002,2018-02-06,[0.   0.   0.25 0.   0.25 0.   0.   0.25 0.   0.   0.   0.   0.25],1.411338371088028,1.5842440943647467,0.0,0.25,0.0,0.25,0.0,0.0,0.25,0.0,0.0,0.0,0.0,0.25,0.0
1003,2018-02-07,"[0.         0.16666666 0.16666666 0.16666666 0.         0.
 0.         0.16666666 0.         0.16666666 0.         0.16666666
 0.        ]",1.342795748489572,1.4972479120448754,0.1666666567325592,0.1666666567325592,0.1666666567325592,0.0,0.0,0.0,0.1666666567325592,0.0,0.1666666567325592,0.0,0.1666666567325592,0.0,0.0
1004,2018-02-08,[0.   0.   0.   0.   0.   0.   0.25 0.25 0.   0.25 0.25 0.   0.  ],1.3809988395617605,1.5325137704539626,0.0,0.0,0.0,0.0,0.0,0.25,0.25,0.0,0.25,0.25,0.0,0.0,0.0
1005,2018-02-09,"[0.         0.14285715 0.14285715 0.         0.         0.
 0.         0.14285715 0.14285715 0.14285715 0.14285715 0.14285715
 0.        ]",1.3788444307923664,1.5381550812875437,0.1428571492433548,0.1428571492433548,0.0,0.0,0.0,0.0,0.1428571492433548,0.1428571492433548,0.1428571492433548,0.1428571492433548,0.1428571492433548,0.0,0.0
1006,2018-02-12,"[0.         0.         0.14285715 0.14285715 0.         0.14285715
 0.14285715 0.14285715 0.14285715 0.         0.         0.14285715
 0.        ]",1.3329138951249344,1.4995937564977082,0.0,0.1428571492433548,0.1428571492433548,0.0,0.1428571492433548,0.1428571492433548,0.1428571492433548,0.1428571492433548,0.0,0.0,0.1428571492433548,0.0,0.0
1007,2018-02-13,[0.   0.   0.   0.   0.   0.25 0.   0.   0.25 0.   0.   0.25 0.25],1.3415454194807301,1.5182807078541707,0.0,0.0,0.0,0.0,0.25,0.0,0.0,0.25,0.0,0.0,0.25,0.25,0.0
1008,2018-02-14,[0.  0.2 0.  0.  0.  0.  0.2 0.  0.  0.2 0.2 0.2 0. ],1.3506039486488248,1.516202685610903,0.20000000298023224,0.0,0.0,0.0,0.0,0.20000000298023224,0.0,0.0,0.20000000298023224,0.20000000298023224,0.20000000298023224,0.0,0.0
1009,2018-02-15,"[0.         0.16666666 0.16666666 0.         0.16666666 0.16666666
 0.16666666 0.         0.16666666 0.         0.         0.
 0.        ]",1.3418110215152537,1.5162621310491002,0.1666666567325592,0.1666666567325592,0.0,0.1666666567325592,0.1666666567325592,0.1666666567325592,0.0,0.1666666567325592,0.0,0.0,0.0,0.0,0.0
1010,2018-02-16,[0.   0.   0.   0.   0.25 0.25 0.   0.   0.   0.25 0.25 0.   0.  ],1.3808476455788765,1.5608307916989035,0.0,0.0,0.0,0.25,0.25,0.0,0.0,0.0,0.25,0.25,0.0,0.0,0.0
1011,2018-02-20,[0.   0.   0.25 0.25 0.   0.   0.   0.   0.25 0.   0.25 0.   0.  ],1.3758173568715353,1.5738994479046986,0.0,0.25,0.25,0.0,0.0,0.0,0.0,0.25,0.0,0.25,0.0,0.0,0.0
1012,2018-02-21,"[0.         0.         0.16666666 0.         0.16666666 0.16666666
 0.16666666 0.         0.         0.16666666 0.         0.
 0.16666666]",1.3774146873037403,1.5730470312243257,0.0,0.1666666567325592,0.0,0.1666666567325592,0.1666666567325592,0.1666666567325592,0.0,0.0,0.1666666567325592,0.0,0.0,0.1666666567325592,0.0
1013,2018-02-22,"[0.        0.        0.3333333 0.        0.        0.3333333 0.
 0.3333333 0.        0.        0.        0.        0.       ]",1.3833488183833795,1.5781732334822924,0.0,0.3333333134651184,0.0,0.0,0.3333333134651184,0.0,0.3333333134651184,0.0,0.0,0.0,0.0,0.0,0.0
1014,2018-02-23,"[0.         0.14285715 0.         0.14285715 0.         0.
 0.14285715 0.14285715 0.         0.14285715 0.14285715 0.
 0.14285715]",1.3851645689495113,1.580589066754395,0.1428571492433548,0.0,0.1428571492433548,0.0,0.0,0.1428571492433548,0.1428571492433548,0.0,0.1428571492433548,0.1428571492433548,0.0,0.1428571492433548,0.0
1015,2018-02-26,"[0.         0.         0.         0.         0.         0.16666666
 0.16666666 0.         0.16666666 0.16666666 0.         0.16666666
 0.16666666]",1.3825289222535928,1.5755674272851898,0.0,0.0,0.0,0.0,0.1666666567325592,0.1666666567325592,0.0,0.1666666567325592,0.1666666567325592,0.0,0.1666666567325592,0.1666666567325592,0.0
1016,2018-02-27,"[0.         0.14285715 0.         0.14285715 0.14285715 0.14285715
 0.14285715 0.         0.         0.         0.         0.14285715
 0.14285715]",1.402303679941869,1.5965567501548967,0.1428571492433548,0.0,0.1428571492433548,0.1428571492433548,0.1428571492433548,0.1428571492433548,0.0,0.0,0.0,0.0,0.1428571492433548,0.1428571492433548,0.0
1017,2018-02-28,[0.  0.  0.  0.2 0.  0.2 0.  0.  0.2 0.2 0.  0.2 0. ],1.4126081426193635,1.6111670125600683,0.0,0.0,0.20000000298023224,0.0,0.20000000298023224,0.0,0.0,0.20000000298023224,0.20000000298023224,0.0,0.20000000298023224,0.0,0.0
1018,2018-03-01,"[0.         0.14285715 0.14285715 0.14285715 0.14285715 0.14285715
 0.14285715 0.         0.14285715 0.         0.         0.
 0.        ]",1.398156244093586,1.5989748372584665,0.1428571492433548,0.1428571492433548,0.1428571492433548,0.1428571492433548,0.1428571492433548,0.1428571492433548,0.0,0.1428571492433548,0.0,0.0,0.0,0.0,0.0
1019,2018-03-02,"[0.        0.1111111 0.        0.1111111 0.1111111 0.1111111 0.1111111
 0.        0.1111111 0.1111111 0.        0.1111111 0.1111111]",1.3672555484496598,1.5699630647755571,0.1111111044883728,0.0,0.1111111044883728,0.1111111044883728,0.1111111044883728,0.1111111044883728,0.0,0.1111111044883728,0.1111111044883728,0.0,0.1111111044883728,0.1111111044883728,0.0
1020,2018-03-05,[0.  0.  0.  0.2 0.  0.2 0.2 0.  0.2 0.  0.  0.  0.2],1.3454755239713885,1.5436500310818373,0.0,0.0,0.20000000298023224,0.0,0.20000000298023224,0.20000000298023224,0.0,0.20000000298023224,0.0,0.0,0.0,0.20000000298023224,0.0
1021,2018-03-06,[0.   0.   0.   0.25 0.   0.25 0.   0.25 0.25 0.   0.   0.   0.  ],1.35994465407109,1.5620775334602506,0.0,0.0,0.25,0.0,0.25,0.0,0.25,0.25,0.0,0.0,0.0,0.0,0.0
1022,2018-03-07,"[0.         0.         0.         0.         0.         0.
 0.16666666 0.16666666 0.16666666 0.         0.16666666 0.16666666
 0.16666666]",1.3918755607846698,1.601577029575338,0.0,0.0,0.0,0.0,0.0,0.1666666567325592,0.1666666567325592,0.1666666567325592,0.0,0.1666666567325592,0.1666666567325592,0.1666666567325592,0.0
1023,2018-03-08,"[0.         0.14285715 0.         0.14285715 0.         0.14285715
 0.         0.14285715 0.14285715 0.         0.         0.14285715
 0.14285715]",1.375345844176421,1.5866382073884202,0.1428571492433548,0.0,0.1428571492433548,0.0,0.1428571492433548,0.0,0.1428571492433548,0.1428571492433548,0.0,0.0,0.1428571492433548,0.1428571492433548,0.0
1024,2018-03-09,"[0.         0.14285715 0.         0.         0.14285715 0.
 0.         0.14285715 0.14285715 0.14285715 0.14285715 0.14285715
 0.        ]",1.39910650420337,1.6116285467158356,0.1428571492433548,0.0,0.0,0.1428571492433548,0.0,0.0,0.1428571492433548,0.1428571492433548,0.1428571492433548,0.1428571492433548,0.1428571492433548,0.0,0.0
1025,2018-03-12,"[0.         0.         0.16666666 0.         0.16666666 0.16666666
 0.16666666 0.         0.16666666 0.         0.         0.
 0.16666666]",1.4126364008595995,1.6263487563917238,0.0,0.1666666567325592,0.0,0.1666666567325592,0.1666666567325592,0.1666666567325592,0.0,0.1666666567325592,0.0,0.0,0.0,0.1666666567325592,0.0
1026,2018-03-13,[0.  0.  0.1 0.1 0.1 0.1 0.1 0.  0.1 0.1 0.1 0.1 0.1],1.4298343874559434,1.646949729744473,0.0,0.10000000149011612,0.10000000149011612,0.10000000149011612,0.10000000149011612,0.10000000149011612,0.0,0.10000000149011612,0.10000000149011612,0.10000000149011612,0.10000000149011612,0.10000000149011612,0.0
1027,2018-03-14,"[0.         0.         0.         0.16666666 0.16666666 0.16666666
 0.16666666 0.         0.16666666 0.16666666 0.         0.
 0.        ]",1.4397727804838139,1.6567302677429303,0.0,0.0,0.1666666567325592,0.1666666567325592,0.1666666567325592,0.1666666567325592,0.0,0.1666666567325592,0.1666666567325592,0.0,0.0,0.0,0.0
1028,2018-03-15,"[0.         0.         0.14285715 0.14285715 0.14285715 0.14285715
 0.14285715 0.         0.         0.         0.14285715 0.14285715
 0.        ]",1.436715330383202,1.652997789233113,0.0,0.1428571492433548,0.1428571492433548,0.1428571492433548,0.1428571492433548,0.1428571492433548,0.0,0.0,0.0,0.1428571492433548,0.1428571492433548,0.0,0.0
1029,2018-03-16,"[0.    0.125 0.    0.125 0.125 0.125 0.125 0.    0.    0.125 0.    0.125
 0.125]",1.4206536328389212,1.6375823564941598,0.125,0.0,0.125,0.125,0.125,0.125,0.0,0.0,0.125,0.0,0.125,0.125,0.0
1030,2018-03-19,"[0.    0.125 0.125 0.125 0.    0.    0.125 0.125 0.    0.    0.125 0.125
 0.125]",1.4179888190590617,1.6326588834602986,0.125,0.125,0.125,0.0,0.0,0.125,0.125,0.0,0.0,0.125,0.125,0.125,0.0
1031,2018-03-20,"[0.         0.         0.         0.         0.16666666 0.16666666
 0.16666666 0.16666666 0.         0.         0.         0.16666666
 0.16666666]",1.4194995439939622,1.6336712227815116,0.0,0.0,0.0,0.1666666567325592,0.1666666567325592,0.1666666567325592,0.1666666567325592,0.0,0.0,0.0,0.1666666567325592,0.1666666567325592,0.0
1032,2018-03-21,[0.   0.25 0.25 0.25 0.   0.   0.   0.   0.25 0.   0.   0.   0.  ],1.3966630980365211,1.6182406999853958,0.25,0.25,0.25,0.0,0.0,0.0,0.0,0.25,0.0,0.0,0.0,0.0,0.0
1033,2018-03-22,"[0.         0.16666666 0.16666666 0.16666666 0.         0.
 0.16666666 0.         0.         0.16666666 0.         0.16666666
 0.        ]",1.3963120813616603,1.6207099584719975,0.1666666567325592,0.1666666567325592,0.1666666567325592,0.0,0.0,0.1666666567325592,0.0,0.0,0.1666666567325592,0.0,0.1666666567325592,0.0,0.0
1034,2018-03-23,[0.  0.  0.  0.  0.  0.  0.5 0.  0.  0.  0.  0.  0.5],1.3860442540753695,1.6045574565654244,0.0,0.0,0.0,0.0,0.0,0.5,0.0,0.0,0.0,0.0,0.0,0.5,0.0
1035,2018-03-26,[0.  0.  0.2 0.2 0.  0.2 0.  0.  0.  0.2 0.  0.  0.2],1.3626531062377845,1.5776993196900366,0.0,0.20000000298023224,0.20000000298023224,0.0,0.20000000298023224,0.0,0.0,0.0,0.20000000298023224,0.0,0.0,0.20000000298023224,0.0
1036,2018-03-27,[0.  0.  0.  0.  0.  0.2 0.2 0.2 0.  0.  0.  0.2 0.2],1.3455410603004736,1.5612700190203255,0.0,0.0,0.0,0.0,0.20000000298023224,0.20000000298023224,0.20000000298023224,0.0,0.0,0.0,0.20000000298023224,0.20000000298023224,0.0
1037,2018-03-28,"[0.         0.         0.16666666 0.         0.16666666 0.
 0.         0.16666666 0.16666666 0.16666666 0.         0.16666666
 0.        ]",1.3610773916371337,1.5853396394577057,0.0,0.1666666567325592,0.0,0.1666666567325592,0.0,0.0,0.1666666567325592,0.1666666567325592,0.1666666567325592,0.0,0.1666666567325592,0.0,0.0
1038,2018-03-29,"[0.         0.16666666 0.         0.         0.16666666 0.
 0.16666666 0.16666666 0.         0.         0.         0.16666666
 0.16666666]",1.3164933226025277,1.5465628911780902,0.1666666567325592,0.0,0.0,0.1666666567325592,0.0,0.1666666567325592,0.1666666567325592,0.0,0.0,0.0,0.1666666567325592,0.1666666567325592,0.0
1039,2018-04-02,[0.  0.2 0.  0.2 0.2 0.  0.  0.  0.  0.2 0.  0.2 0. ],1.306091381202405,1.5444449248386412,0.20000000298023224,0.0,0.20000000298023224,0.20000000298023224,0.0,0.0,0.0,0.0,0.20000000298023224,0.0,0.20000000298023224,0.0,0.0
1040,2018-04-03,"[0.         0.16666666 0.16666666 0.16666666 0.16666666 0.
 0.         0.16666666 0.         0.16666666 0.         0.
 0.        ]",1.308957055547111,1.5476950675419836,0.1666666567325592,0.1666666567325592,0.1666666567325592,0.1666666567325592,0.0,0.0,0.1666666567325592,0.0,0.1666666567325592,0.0,0.0,0.0,0.0
1041,2018-04-04,[0.   0.   0.25 0.25 0.   0.   0.   0.25 0.   0.   0.25 0.   0.  ],1.283884856112778,1.525148539020632,0.0,0.25,0.25,0.0,0.0,0.0,0.25,0.0,0.0,0.25,0.0,0.0,0.0
1042,2018-04-05,[0.   0.25 0.   0.   0.   0.   0.25 0.25 0.25 0.   0.   0.   0.  ],1.2662407650082343,1.5092044765123027,0.25,0.0,0.0,0.0,0.0,0.25,0.25,0.25,0.0,0.0,0.0,0.0,0.0
1043,2018-04-06,[0.  0.  0.  0.1 0.1 0.1 0.1 0.1 0.1 0.1 0.1 0.1 0.1],1.302908326859801,1.5580620322018068,0.0,0.0,0.10000000149011612,0.10000000149011612,0.10000000149011612,0.10000000149011612,0.10000000149011612,0.10000000149011612,0.10000000149011612,0.10000000149011612,0.10000000149011612,0.10000000149011612,0.0
1044,2018-04-09,"[0.         0.16666666 0.16666666 0.         0.16666666 0.
 0.16666666 0.         0.         0.         0.16666666 0.16666666
 0.        ]",1.2796647931860266,1.5344353561872048,0.1666666567325592,0.1666666567325592,0.0,0.1666666567325592,0.0,0.1666666567325592,0.0,0.0,0.0,0.1666666567325592,0.1666666567325592,0.0,0.0
1045,2018-04-10,"[0.         0.14285715 0.14285715 0.         0.14285715 0.14285715
 0.14285715 0.         0.14285715 0.14285715 0.         0.
 0.        ]",1.2745937595853822,1.522710772192682,0.1428571492433548,0.1428571492433548,0.0,0.1428571492433548,0.1428571492433548,0.1428571492433548,0.0,0.1428571492433548,0.1428571492433548,0.0,0.0,0.0,0.0
1046,2018-04-11,"[0.         0.         0.         0.         0.         0.16666666
 0.16666666 0.         0.         0.16666666 0.16666666 0.16666666
 0.16666666]",1.2981801542878253,1.5423552536638887,0.0,0.0,0.0,0.0,0.1666666567325592,0.1666666567325592,0.0,0.0,0.1666666567325592,0.1666666567325592,0.1666666567325592,0.1666666567325592,0.0
1047,2018-04-12,[0.  0.  0.  0.1 0.1 0.1 0.1 0.1 0.1 0.1 0.1 0.1 0.1],1.2978148774949325,1.536847485778135,0.0,0.0,0.10000000149011612,0.10000000149011612,0.10000000149011612,0.10000000149011612,0.10000000149011612,0.10000000149011612,0.10000000149011612,0.10000000149011612,0.10000000149011612,0.10000000149011612,0.0
1048,2018-04-13,"[0.         0.         0.         0.16666666 0.         0.16666666
 0.16666666 0.         0.16666666 0.         0.         0.16666666
 0.16666666]",1.3072377198449912,1.546227425109407,0.0,0.0,0.1666666567325592,0.0,0.1666666567325592,0.1666666567325592,0.0,0.1666666567325592,0.0,0.0,0.1666666567325592,0.1666666567325592,0.0
1049,2018-04-16,"[0.    0.125 0.    0.125 0.125 0.125 0.    0.125 0.125 0.125 0.    0.
 0.125]",1.323284489390486,1.5728707133025879,0.125,0.0,0.125,0.125,0.125,0.0,0.125,0.125,0.125,0.0,0.0,0.125,0.0
1050,2018-04-17,"[0.         0.14285715 0.         0.14285715 0.14285715 0.
 0.         0.14285715 0.14285715 0.         0.14285715 0.14285715
 0.        ]",1.306842517003069,1.5564552619313152,0.1428571492433548,0.0,0.1428571492433548,0.1428571492433548,0.0,0.0,0.1428571492433548,0.1428571492433548,0.0,0.1428571492433548,0.1428571492433548,0.0,0.0
1051,2018-04-18,[0.   0.   0.   0.25 0.   0.   0.   0.   0.   0.25 0.25 0.25 0.  ],1.298312522398254,1.5562956064104767,0.0,0.0,0.25,0.0,0.0,0.0,0.0,0.0,0.25,0.25,0.25,0.0,0.0
1052,2018-04-19,"[0.         0.16666666 0.         0.16666666 0.         0.
 0.         0.16666666 0.16666666 0.         0.16666666 0.16666666
 0.        ]",1.3083316350984253,1.5476083359803305,0.1666666567325592,0.0,0.1666666567325592,0.0,0.0,0.0,0.1666666567325592,0.1666666567325592,0.0,0.1666666567325592,0.1666666567325592,0.0,0.0
1053,2018-04-20,[0.  0.2 0.2 0.  0.2 0.  0.2 0.  0.  0.  0.  0.  0.2],1.2962341939713296,1.533570476496912,0.20000000298023224,0.20000000298023224,0.0,0.20000000298023224,0.0,0.20000000298023224,0.0,0.0,0.0,0.0,0.0,0.20000000298023224,0.0
1054,2018-04-23,[0.   0.   0.25 0.   0.   0.   0.25 0.   0.   0.   0.   0.25 0.25],1.3050976441052857,1.5315742121758276,0.0,0.25,0.0,0.0,0.0,0.25,0.0,0.0,0.0,0.0,0.25,0.25,0.0
1055,2018-04-24,"[0.        0.1111111 0.        0.        0.1111111 0.1111111 0.
 0.1111111 0.1111111 0.1111111 0.1111111 0.1111111 0.1111111]",1.281373585295785,1.5219811679627058,0.1111111044883728,0.0,0.0,0.1111111044883728,0.1111111044883728,0.0,0.1111111044883728,0.1111111044883728,0.1111111044883728,0.1111111044883728,0.1111111044883728,0.1111111044883728,0.0
1056,2018-04-25,"[0.        0.1111111 0.1111111 0.1111111 0.1111111 0.        0.1111111
 0.        0.        0.1111111 0.1111111 0.1111111 0.1111111]",1.281364427762912,1.5238140867122272,0.1111111044883728,0.1111111044883728,0.1111111044883728,0.1111111044883728,0.0,0.1111111044883728,0.0,0.0,0.1111111044883728,0.1111111044883728,0.1111111044883728,0.1111111044883728,0.0
1057,2018-04-26,"[0.         0.         0.14285715 0.14285715 0.14285715 0.14285715
 0.         0.         0.14285715 0.         0.14285715 0.14285715
 0.        ]",1.278127639589838,1.5201322986780372,0.0,0.1428571492433548,0.1428571492433548,0.1428571492433548,0.1428571492433548,0.0,0.0,0.1428571492433548,0.0,0.1428571492433548,0.1428571492433548,0.0,0.0
1058,2018-04-27,[0.  0.2 0.  0.  0.  0.2 0.  0.  0.2 0.  0.  0.2 0.2],1.2771964003886107,1.5250525332021452,0.20000000298023224,0.0,0.0,0.0,0.20000000298023224,0.0,0.0,0.20000000298023224,0.0,0.0,0.20000000298023224,0.20000000298023224,0.0
1059,2018-04-30,"[0.    0.125 0.125 0.125 0.    0.125 0.125 0.    0.    0.    0.125 0.125
 0.125]",1.2817406946418475,1.534491965492368,0.125,0.125,0.125,0.0,0.125,0.125,0.0,0.0,0.0,0.125,0.125,0.125,0.0
1060,2018-05-01,"[0.         0.16666666 0.16666666 0.         0.         0.16666666
 0.16666666 0.         0.         0.16666666 0.         0.16666666
 0.        ]",1.2917306731979592,1.5390772662846066,0.1666666567325592,0.1666666567325592,0.0,0.0,0.1666666567325592,0.1666666567325592,0.0,0.0,0.1666666567325592,0.0,0.1666666567325592,0.0,0.0
1061,2018-05-02,"[0.        0.        0.3333333 0.        0.        0.        0.
 0.        0.        0.3333333 0.        0.3333333 0.       ]",1.2659717642542327,1.5104300466063565,0.0,0.3333333134651184,0.0,0.0,0.0,0.0,0.0,0.0,0.3333333134651184,0.0,0.3333333134651184,0.0,0.0
1062,2018-05-03,"[0.         0.         0.         0.         0.14285715 0.14285715
 0.         0.14285715 0.14285715 0.14285715 0.14285715 0.14285715
 0.        ]",1.2816284727215914,1.5201023673388578,0.0,0.0,0.0,0.1428571492433548,0.1428571492433548,0.0,0.1428571492433548,0.1428571492433548,0.1428571492433548,0.1428571492433548,0.1428571492433548,0.0,0.0
1063,2018-05-04,"[0.        0.3333333 0.3333333 0.        0.        0.        0.
 0.3333333 0.        0.        0.        0.        0.       ]",1.2715264653809624,1.5077863778993068,0.3333333134651184,0.3333333134651184,0.0,0.0,0.0,0.0,0.3333333134651184,0.0,0.0,0.0,0.0,0.0,0.0
1064,2018-05-07,[0.  0.  0.  0.  0.  0.2 0.2 0.  0.2 0.2 0.  0.2 0. ],1.261168094241745,1.5009618197339731,0.0,0.0,0.0,0.0,0.20000000298023224,0.20000000298023224,0.0,0.20000000298023224,0.20000000298023224,0.0,0.20000000298023224,0.0,0.0
1065,2018-05-08,"[0.    0.    0.125 0.    0.125 0.    0.125 0.125 0.125 0.    0.125 0.125
 0.125]",1.276627701802234,1.526127970410239,0.0,0.125,0.0,0.125,0.0,0.125,0.125,0.125,0.0,0.125,0.125,0.125,0.0
1066,2018-05-09,"[0.    0.125 0.125 0.125 0.    0.125 0.125 0.    0.125 0.    0.    0.125
 0.125]",1.2739209845739434,1.5286549908374878,0.125,0.125,0.125,0.0,0.125,0.125,0.0,0.125,0.0,0.0,0.125,0.125,0.0
1067,2018-05-10,[0.   0.   0.25 0.   0.   0.   0.25 0.   0.   0.   0.25 0.   0.25],1.2742537327885362,1.5319986867835014,0.0,0.25,0.0,0.0,0.0,0.25,0.0,0.0,0.0,0.25,0.0,0.25,0.0
1068,2018-05-11,[0.  0.2 0.  0.2 0.  0.  0.2 0.  0.  0.2 0.  0.  0.2],1.2929508477240113,1.5548029067157503,0.20000000298023224,0.0,0.20000000298023224,0.0,0.0,0.20000000298023224,0.0,0.0,0.20000000298023224,0.0,0.0,0.20000000298023224,0.0
1069,2018-05-14,"[0.         0.         0.16666666 0.16666666 0.16666666 0.
 0.         0.         0.         0.16666666 0.16666666 0.
 0.16666666]",1.3004580897502742,1.5601465463266553,0.0,0.1666666567325592,0.1666666567325592,0.1666666567325592,0.0,0.0,0.0,0.0,0.1666666567325592,0.1666666567325592,0.0,0.1666666567325592,0.0
1070,2018-05-15,"[0.         0.14285715 0.14285715 0.14285715 0.14285715 0.
 0.14285715 0.14285715 0.         0.14285715 0.         0.
 0.        ]",1.300743774492063,1.5676776182534855,0.1428571492433548,0.1428571492433548,0.1428571492433548,0.1428571492433548,0.0,0.1428571492433548,0.1428571492433548,0.0,0.1428571492433548,0.0,0.0,0.0,0.0
1071,2018-05-16,[0.  0.2 0.2 0.2 0.  0.  0.2 0.  0.  0.2 0.  0.  0. ],1.2921050982241582,1.5600478346886864,0.20000000298023224,0.20000000298023224,0.20000000298023224,0.0,0.0,0.20000000298023224,0.0,0.0,0.20000000298023224,0.0,0.0,0.0,0.0
1072,2018-05-17,[0.   0.   0.25 0.25 0.   0.25 0.   0.   0.   0.   0.25 0.   0.  ],1.2892875219938305,1.5594554057364585,0.0,0.25,0.25,0.0,0.25,0.0,0.0,0.0,0.0,0.25,0.0,0.0,0.0
1073,2018-05-18,"[0.         0.16666666 0.         0.         0.16666666 0.
 0.         0.         0.16666666 0.16666666 0.16666666 0.16666666
 0.        ]",1.292983831545458,1.5648819960599822,0.1666666567325592,0.0,0.0,0.1666666567325592,0.0,0.0,0.0,0.1666666567325592,0.1666666567325592,0.1666666567325592,0.1666666567325592,0.0,0.0
1074,2018-05-21,"[0.         0.         0.14285715 0.         0.14285715 0.14285715
 0.         0.         0.14285715 0.14285715 0.14285715 0.
 0.14285715]",1.2986628006485184,1.56565776282493,0.0,0.1428571492433548,0.0,0.1428571492433548,0.1428571492433548,0.0,0.0,0.1428571492433548,0.1428571492433548,0.1428571492433548,0.0,0.1428571492433548,0.0
1075,2018-05-22,[0.   0.   0.   0.   0.   0.   0.25 0.   0.25 0.   0.25 0.   0.25],1.2957046877326681,1.5646044610943872,0.0,0.0,0.0,0.0,0.0,0.25,0.0,0.25,0.0,0.25,0.0,0.25,0.0
1076,2018-05-23,"[0.        0.1111111 0.1111111 0.1111111 0.1111111 0.        0.
 0.1111111 0.1111111 0.1111111 0.        0.1111111 0.1111111]",1.2975659945328892,1.5714284913203447,0.1111111044883728,0.1111111044883728,0.1111111044883728,0.1111111044883728,0.0,0.0,0.1111111044883728,0.1111111044883728,0.1111111044883728,0.0,0.1111111044883728,0.1111111044883728,0.0
1077,2018-05-24,"[0.         0.         0.         0.16666666 0.         0.16666666
 0.         0.16666666 0.16666666 0.16666666 0.         0.
 0.16666666]",1.2907888395269556,1.558920051636226,0.0,0.0,0.1666666567325592,0.0,0.1666666567325592,0.0,0.1666666567325592,0.1666666567325592,0.1666666567325592,0.0,0.0,0.1666666567325592,0.0
1078,2018-05-25,"[0.         0.16666666 0.         0.         0.16666666 0.16666666
 0.         0.16666666 0.         0.16666666 0.         0.16666666
 0.        ]",1.3038794022774762,1.5645503003755608,0.1666666567325592,0.0,0.0,0.1666666567325592,0.1666666567325592,0.0,0.1666666567325592,0.0,0.1666666567325592,0.0,0.1666666567325592,0.0,0.0
1079,2018-05-29,"[0.         0.14285715 0.         0.14285715 0.14285715 0.
 0.14285715 0.         0.14285715 0.         0.14285715 0.
 0.14285715]",1.2967796636045121,1.557355603560584,0.1428571492433548,0.0,0.1428571492433548,0.1428571492433548,0.0,0.1428571492433548,0.0,0.1428571492433548,0.0,0.1428571492433548,0.0,0.1428571492433548,0.0
1080,2018-05-30,[0.  0.  0.  0.2 0.2 0.2 0.  0.  0.  0.2 0.  0.2 0. ],1.2845525681613053,1.5461679047058148,0.0,0.0,0.20000000298023224,0.20000000298023224,0.20000000298023224,0.0,0.0,0.0,0.20000000298023224,0.0,0.20000000298023224,0.0,0.0
1081,2018-05-31,"[0.         0.16666666 0.         0.16666666 0.         0.16666666
 0.         0.         0.16666666 0.16666666 0.         0.
 0.16666666]",1.300536514086745,1.5505943387289518,0.1666666567325592,0.0,0.1666666567325592,0.0,0.1666666567325592,0.0,0.0,0.1666666567325592,0.1666666567325592,0.0,0.0,0.1666666567325592,0.0
1082,2018-06-01,"[0.         0.         0.14285715 0.14285715 0.         0.14285715
 0.14285715 0.         0.14285715 0.14285715 0.         0.
 0.14285715]",1.3021061837388348,1.5530914745161706,0.0,0.1428571492433548,0.1428571492433548,0.0,0.1428571492433548,0.1428571492433548,0.0,0.1428571492433548,0.1428571492433548,0.0,0.0,0.1428571492433548,0.0
1083,2018-06-04,"[0.         0.16666666 0.16666666 0.16666666 0.         0.
 0.         0.16666666 0.16666666 0.         0.         0.
 0.16666666]",1.3047644399751406,1.562433050157527,0.1666666567325592,0.1666666567325592,0.1666666567325592,0.0,0.0,0.0,0.1666666567325592,0.1666666567325592,0.0,0.0,0.0,0.1666666567325592,0.0
1084,2018-06-05,[0.  0.  0.2 0.  0.  0.2 0.2 0.  0.2 0.2 0.  0.  0. ],1.3087069316131488,1.574915394527965,0.0,0.20000000298023224,0.0,0.0,0.20000000298023224,0.20000000298023224,0.0,0.20000000298023224,0.20000000298023224,0.0,0.0,0.0,0.0
1085,2018-06-06,"[0.    0.125 0.125 0.125 0.125 0.125 0.125 0.    0.125 0.    0.    0.
 0.125]",1.3028976425361245,1.576715247943032,0.125,0.125,0.125,0.125,0.125,0.125,0.0,0.125,0.0,0.0,0.0,0.125,0.0
1086,2018-06-07,"[0.         0.         0.         0.         0.14285715 0.
 0.         0.14285715 0.14285715 0.14285715 0.14285715 0.14285715
 0.14285715]",1.3072379318110268,1.5801257271770468,0.0,0.0,0.0,0.1428571492433548,0.0,0.0,0.1428571492433548,0.1428571492433548,0.1428571492433548,0.1428571492433548,0.1428571492433548,0.1428571492433548,0.0
1087,2018-06-08,"[0.         0.         0.         0.         0.         0.16666666
 0.         0.16666666 0.16666666 0.16666666 0.         0.16666666
 0.16666666]",1.312506544898583,1.593058753849259,0.0,0.0,0.0,0.0,0.1666666567325592,0.0,0.1666666567325592,0.1666666567325592,0.1666666567325592,0.0,0.1666666567325592,0.1666666567325592,0.0
1088,2018-06-11,"[0.         0.         0.         0.16666666 0.16666666 0.
 0.16666666 0.16666666 0.16666666 0.         0.         0.16666666
 0.        ]",1.2964668464917797,1.5812337195874722,0.0,0.0,0.1666666567325592,0.1666666567325592,0.0,0.1666666567325592,0.1666666567325592,0.1666666567325592,0.0,0.0,0.1666666567325592,0.0,0.0
1089,2018-06-12,"[0.    0.    0.125 0.    0.125 0.125 0.125 0.125 0.125 0.125 0.    0.125
 0.   ]",1.3013817004057868,1.5836530536306177,0.0,0.125,0.0,0.125,0.125,0.125,0.125,0.125,0.125,0.0,0.125,0.0,0.0
1090,2018-06-13,[0.  0.  0.  0.  0.2 0.2 0.  0.  0.2 0.  0.  0.2 0.2],1.2979026058185084,1.58170843384975,0.0,0.0,0.0,0.20000000298023224,0.20000000298023224,0.0,0.0,0.20000000298023224,0.0,0.0,0.20000000298023224,0.20000000298023224,0.0
1091,2018-06-14,[0.  0.  0.  0.  0.  0.  0.  0.2 0.2 0.2 0.2 0.2 0. ],1.3008095672345414,1.5801422384601873,0.0,0.0,0.0,0.0,0.0,0.0,0.20000000298023224,0.20000000298023224,0.20000000298023224,0.20000000298023224,0.20000000298023224,0.0,0.0
1092,2018-06-15,"[0.         0.16666666 0.16666666 0.16666666 0.         0.
 0.         0.16666666 0.         0.16666666 0.         0.16666666
 0.        ]",1.3028052404418986,1.5812296179111283,0.1666666567325592,0.1666666567325592,0.1666666567325592,0.0,0.0,0.0,0.1666666567325592,0.0,0.1666666567325592,0.0,0.1666666567325592,0.0,0.0
1093,2018-06-18,[0.   0.25 0.25 0.25 0.   0.25 0.   0.   0.   0.   0.   0.   0.  ],1.2886400255868236,1.5748810505080515,0.25,0.25,0.25,0.0,0.25,0.0,0.0,0.0,0.0,0.0,0.0,0.0,0.0
1094,2018-06-19,"[0.         0.16666666 0.         0.16666666 0.         0.16666666
 0.         0.16666666 0.16666666 0.16666666 0.         0.
 0.        ]",1.2794872194002407,1.5599635353651962,0.1666666567325592,0.0,0.1666666567325592,0.0,0.1666666567325592,0.0,0.1666666567325592,0.1666666567325592,0.1666666567325592,0.0,0.0,0.0,0.0
1095,2018-06-20,[0.  0.  0.  0.2 0.  0.  0.  0.2 0.2 0.2 0.  0.2 0. ],1.264407216069047,1.5463110419789856,0.0,0.0,0.20000000298023224,0.0,0.0,0.0,0.20000000298023224,0.20000000298023224,0.20000000298023224,0.0,0.20000000298023224,0.0,0.0
1096,2018-06-21,"[0.    0.    0.125 0.    0.125 0.125 0.125 0.125 0.125 0.    0.125 0.
 0.125]",1.275967104989909,1.5638496470510903,0.0,0.125,0.0,0.125,0.125,0.125,0.125,0.125,0.0,0.125,0.0,0.125,0.0
1097,2018-06-22,[0.  0.  0.2 0.  0.  0.2 0.2 0.2 0.  0.  0.2 0.  0. ],1.27541811309049,1.5623284803833248,0.0,0.20000000298023224,0.0,0.0,0.20000000298023224,0.20000000298023224,0.20000000298023224,0.0,0.0,0.20000000298023224,0.0,0.0,0.0
1098,2018-06-25,[0.   0.   0.   0.   0.25 0.   0.25 0.25 0.   0.25 0.   0.   0.  ],1.2769127033568421,1.558496959028897,0.0,0.0,0.0,0.25,0.0,0.25,0.25,0.0,0.25,0.0,0.0,0.0,0.0
1099,2018-06-26,[0.  0.  0.  0.2 0.  0.2 0.  0.2 0.2 0.  0.2 0.  0. ],1.2647567583124302,1.539656547191786,0.0,0.0,0.20000000298023224,0.0,0.20000000298023224,0.0,0.20000000298023224,0.20000000298023224,0.0,0.20000000298023224,0.0,0.0,0.0
1100,2018-06-27,"[0.         0.14285715 0.14285715 0.         0.14285715 0.
 0.14285715 0.14285715 0.         0.14285715 0.14285715 0.
 0.        ]",1.2576006983119519,1.5216963090921307,0.1428571492433548,0.1428571492433548,0.0,0.1428571492433548,0.0,0.1428571492433548,0.1428571492433548,0.0,0.1428571492433548,0.1428571492433548,0.0,0.0,0.0
1101,2018-06-28,"[0.        0.1111111 0.1111111 0.        0.1111111 0.1111111 0.
 0.1111111 0.1111111 0.1111111 0.1111111 0.        0.1111111]",1.2585071093705749,1.5234977309605573,0.1111111044883728,0.1111111044883728,0.0,0.1111111044883728,0.1111111044883728,0.0,0.1111111044883728,0.1111111044883728,0.1111111044883728,0.1111111044883728,0.0,0.1111111044883728,0.0
1102,2018-06-29,"[0.         0.14285715 0.         0.         0.14285715 0.14285715
 0.14285715 0.14285715 0.         0.14285715 0.         0.
 0.14285715]",1.241581254432263,1.5003567922745618,0.1428571492433548,0.0,0.0,0.1428571492433548,0.1428571492433548,0.1428571492433548,0.1428571492433548,0.0,0.1428571492433548,0.0,0.0,0.1428571492433548,0.0
1103,2018-07-02,"[0.         0.         0.         0.         0.         0.16666666
 0.         0.         0.16666666 0.16666666 0.16666666 0.16666666
 0.16666666]",1.2599964384243456,1.522071868828921,0.0,0.0,0.0,0.0,0.1666666567325592,0.0,0.0,0.1666666567325592,0.1666666567325592,0.1666666567325592,0.1666666567325592,0.1666666567325592,0.0
1104,2018-07-03,"[0.         0.         0.         0.14285715 0.14285715 0.14285715
 0.14285715 0.         0.         0.14285715 0.14285715 0.14285715
 0.        ]",1.247448779513201,1.5023193703400168,0.0,0.0,0.1428571492433548,0.1428571492433548,0.1428571492433548,0.1428571492433548,0.0,0.0,0.1428571492433548,0.1428571492433548,0.1428571492433548,0.0,0.0
1105,2018-07-05,"[0.    0.125 0.125 0.    0.125 0.125 0.125 0.125 0.    0.    0.125 0.
 0.125]",1.2683965417921568,1.5237669723816498,0.125,0.125,0.0,0.125,0.125,0.125,0.125,0.0,0.0,0.125,0.0,0.125,0.0
1106,2018-07-06,[0.   0.   0.25 0.   0.25 0.   0.25 0.   0.   0.25 0.   0.   0.  ],1.261680093304598,1.518792716208087,0.0,0.25,0.0,0.25,0.0,0.25,0.0,0.0,0.25,0.0,0.0,0.0,0.0
1107,2018-07-09,[0.  0.  0.2 0.  0.2 0.  0.  0.  0.  0.  0.2 0.2 0.2],1.267587397342143,1.5331657816552144,0.0,0.20000000298023224,0.0,0.20000000298023224,0.0,0.0,0.0,0.0,0.0,0.20000000298023224,0.20000000298023224,0.20000000298023224,0.0
1108,2018-07-10,[0.   0.   0.   0.   0.25 0.   0.25 0.   0.   0.25 0.   0.   0.25],1.2839126366024312,1.5506724968677306,0.0,0.0,0.0,0.25,0.0,0.25,0.0,0.0,0.25,0.0,0.0,0.25,0.0
1109,2018-07-11,"[0.         0.14285715 0.14285715 0.14285715 0.         0.14285715
 0.14285715 0.         0.         0.         0.14285715 0.
 0.14285715]",1.2905165174540514,1.5636576546686243,0.1428571492433548,0.1428571492433548,0.1428571492433548,0.0,0.1428571492433548,0.1428571492433548,0.0,0.0,0.0,0.1428571492433548,0.0,0.1428571492433548,0.0
1110,2018-07-12,"[0.         0.         0.16666666 0.16666666 0.16666666 0.
 0.         0.16666666 0.16666666 0.16666666 0.         0.
 0.        ]",1.2809495306748,1.551944984737975,0.0,0.1666666567325592,0.1666666567325592,0.1666666567325592,0.0,0.0,0.1666666567325592,0.1666666567325592,0.1666666567325592,0.0,0.0,0.0,0.0
1111,2018-07-13,"[0.    0.    0.125 0.125 0.125 0.125 0.125 0.125 0.    0.125 0.    0.
 0.125]",1.2908478211564418,1.5558022344294182,0.0,0.125,0.125,0.125,0.125,0.125,0.125,0.0,0.125,0.0,0.0,0.125,0.0
1112,2018-07-16,"[0.         0.         0.16666666 0.16666666 0.16666666 0.
 0.         0.         0.16666666 0.16666666 0.         0.16666666
 0.        ]",1.2886544532277089,1.5572163624015734,0.0,0.1666666567325592,0.1666666567325592,0.1666666567325592,0.0,0.0,0.0,0.1666666567325592,0.1666666567325592,0.0,0.1666666567325592,0.0,0.0
1113,2018-07-17,"[0.         0.         0.16666666 0.         0.         0.16666666
 0.16666666 0.16666666 0.16666666 0.16666666 0.         0.
 0.        ]",1.2823170200663057,1.5521379816687284,0.0,0.1666666567325592,0.0,0.0,0.1666666567325592,0.1666666567325592,0.1666666567325592,0.1666666567325592,0.1666666567325592,0.0,0.0,0.0,0.0
1114,2018-07-18,"[0.         0.         0.16666666 0.16666666 0.16666666 0.
 0.         0.         0.16666666 0.16666666 0.         0.16666666
 0.        ]",1.2845455098055731,1.5549642374957147,0.0,0.1666666567325592,0.1666666567325592,0.1666666567325592,0.0,0.0,0.0,0.1666666567325592,0.1666666567325592,0.0,0.1666666567325592,0.0,0.0
1115,2018-07-19,[0.  0.  0.5 0.  0.5 0.  0.  0.  0.  0.  0.  0.  0. ],1.2895936844754192,1.5674580416988322,0.0,0.5,0.0,0.5,0.0,0.0,0.0,0.0,0.0,0.0,0.0,0.0,0.0
1116,2018-07-20,[0.   0.   0.   0.25 0.25 0.   0.   0.   0.   0.25 0.   0.   0.25],1.2984477295199275,1.5695023839814903,0.0,0.0,0.25,0.25,0.0,0.0,0.0,0.0,0.25,0.0,0.0,0.25,0.0
1117,2018-07-23,"[0.         0.14285715 0.14285715 0.         0.14285715 0.14285715
 0.         0.         0.14285715 0.         0.14285715 0.14285715
 0.        ]",1.299168406528448,1.5648384763504202,0.1428571492433548,0.1428571492433548,0.0,0.1428571492433548,0.1428571492433548,0.0,0.0,0.1428571492433548,0.0,0.1428571492433548,0.1428571492433548,0.0,0.0
1118,2018-07-24,[0.   0.   0.   0.25 0.   0.   0.25 0.   0.25 0.   0.   0.25 0.  ],1.3004346861862077,1.5651587065751644,0.0,0.0,0.25,0.0,0.0,0.25,0.0,0.25,0.0,0.0,0.25,0.0,0.0
1119,2018-07-25,"[0.         0.14285715 0.         0.14285715 0.         0.14285715
 0.         0.14285715 0.         0.14285715 0.         0.14285715
 0.14285715]",1.306308284539449,1.5791715273115143,0.1428571492433548,0.0,0.1428571492433548,0.0,0.1428571492433548,0.0,0.1428571492433548,0.0,0.1428571492433548,0.0,0.1428571492433548,0.1428571492433548,0.0
1120,2018-07-26,[0.   0.   0.   0.25 0.25 0.   0.   0.25 0.   0.   0.25 0.   0.  ],1.3001936500250364,1.5680539468731127,0.0,0.0,0.25,0.25,0.0,0.0,0.25,0.0,0.0,0.25,0.0,0.0,0.0
1121,2018-07-27,"[0.         0.14285715 0.14285715 0.         0.         0.
 0.         0.14285715 0.14285715 0.14285715 0.14285715 0.
 0.14285715]",1.3354023478803692,1.5913892234453513,0.1428571492433548,0.1428571492433548,0.0,0.0,0.0,0.0,0.1428571492433548,0.1428571492433548,0.1428571492433548,0.1428571492433548,0.0,0.1428571492433548,0.0
1122,2018-07-30,[0.  0.  0.1 0.1 0.1 0.1 0.1 0.1 0.1 0.1 0.1 0.  0.1],1.327567301472237,1.5907414672516749,0.0,0.10000000149011612,0.10000000149011612,0.10000000149011612,0.10000000149011612,0.10000000149011612,0.10000000149011612,0.10000000149011612,0.10000000149011612,0.10000000149011612,0.0,0.10000000149011612,0.0
1123,2018-07-31,"[0.         0.16666666 0.16666666 0.16666666 0.16666666 0.
 0.         0.16666666 0.         0.16666666 0.         0.
 0.        ]",1.319922206659198,1.583322390217881,0.1666666567325592,0.1666666567325592,0.1666666567325592,0.1666666567325592,0.0,0.0,0.1666666567325592,0.0,0.1666666567325592,0.0,0.0,0.0,0.0
1124,2018-08-01,"[0.         0.14285715 0.14285715 0.         0.         0.14285715
 0.14285715 0.         0.14285715 0.         0.14285715 0.
 0.14285715]",1.3251113707258624,1.588642135277725,0.1428571492433548,0.1428571492433548,0.0,0.0,0.1428571492433548,0.1428571492433548,0.0,0.1428571492433548,0.0,0.1428571492433548,0.0,0.1428571492433548,0.0
1125,2018-08-02,"[0.         0.16666666 0.16666666 0.16666666 0.16666666 0.
 0.16666666 0.16666666 0.         0.         0.         0.
 0.        ]",1.3258078726399158,1.5892713735171395,0.1666666567325592,0.1666666567325592,0.1666666567325592,0.1666666567325592,0.0,0.1666666567325592,0.1666666567325592,0.0,0.0,0.0,0.0,0.0,0.0
1126,2018-08-03,"[0.        0.        0.3333333 0.        0.        0.        0.
 0.        0.        0.        0.3333333 0.3333333 0.       ]",1.317945928777222,1.582334243386885,0.0,0.3333333134651184,0.0,0.0,0.0,0.0,0.0,0.0,0.0,0.3333333134651184,0.3333333134651184,0.0,0.0
1127,2018-08-06,"[0.    0.    0.125 0.    0.125 0.125 0.125 0.125 0.125 0.    0.    0.125
 0.125]",1.325568305782441,1.5953585817442175,0.0,0.125,0.0,0.125,0.125,0.125,0.125,0.125,0.0,0.0,0.125,0.125,0.0
1128,2018-08-07,"[0.         0.         0.         0.16666666 0.16666666 0.16666666
 0.16666666 0.16666666 0.         0.16666666 0.         0.
 0.        ]",1.3242130023272425,1.5909576864960882,0.0,0.0,0.1666666567325592,0.1666666567325592,0.1666666567325592,0.1666666567325592,0.1666666567325592,0.0,0.1666666567325592,0.0,0.0,0.0,0.0
1129,2018-08-08,[0.   0.   0.   0.   0.   0.25 0.   0.25 0.25 0.   0.25 0.   0.  ],1.3321104733913525,1.5805863731921592,0.0,0.0,0.0,0.0,0.25,0.0,0.25,0.25,0.0,0.25,0.0,0.0,0.0
1130,2018-08-09,"[0.         0.14285715 0.         0.         0.14285715 0.14285715
 0.         0.14285715 0.14285715 0.14285715 0.         0.
 0.14285715]",1.3309642236047419,1.5725776689112119,0.1428571492433548,0.0,0.0,0.1428571492433548,0.1428571492433548,0.0,0.1428571492433548,0.1428571492433548,0.1428571492433548,0.0,0.0,0.1428571492433548,0.0
1131,2018-08-10,"[0.         0.         0.14285715 0.         0.14285715 0.
 0.14285715 0.         0.14285715 0.14285715 0.         0.14285715
 0.14285715]",1.3388553121689464,1.5837166451892297,0.0,0.1428571492433548,0.0,0.1428571492433548,0.0,0.1428571492433548,0.0,0.1428571492433548,0.1428571492433548,0.0,0.1428571492433548,0.1428571492433548,0.0
1132,2018-08-13,"[0.         0.         0.14285715 0.14285715 0.14285715 0.14285715
 0.         0.14285715 0.14285715 0.14285715 0.         0.
 0.        ]",1.3207769524949613,1.564105718682186,0.0,0.1428571492433548,0.1428571492433548,0.1428571492433548,0.1428571492433548,0.0,0.1428571492433548,0.1428571492433548,0.1428571492433548,0.0,0.0,0.0,0.0
1133,2018-08-14,"[0.    0.125 0.125 0.125 0.125 0.    0.125 0.    0.125 0.    0.    0.125
 0.125]",1.3217509291578686,1.5593134210756296,0.125,0.125,0.125,0.125,0.0,0.125,0.0,0.125,0.0,0.0,0.125,0.125,0.0
1134,2018-08-15,"[0.         0.         0.         0.         0.         0.
 0.16666666 0.16666666 0.16666666 0.16666666 0.16666666 0.
 0.16666666]",1.3210188241394212,1.5576239802670917,0.0,0.0,0.0,0.0,0.0,0.1666666567325592,0.1666666567325592,0.1666666567325592,0.1666666567325592,0.1666666567325592,0.0,0.1666666567325592,0.0
1135,2018-08-16,"[0.         0.16666666 0.         0.         0.16666666 0.
 0.         0.         0.16666666 0.16666666 0.16666666 0.16666666
 0.        ]",1.3091022120930293,1.5520517673156666,0.1666666567325592,0.0,0.0,0.1666666567325592,0.0,0.0,0.0,0.1666666567325592,0.1666666567325592,0.1666666567325592,0.1666666567325592,0.0,0.0
1136,2018-08-17,"[0.    0.125 0.125 0.125 0.    0.125 0.125 0.125 0.    0.125 0.    0.125
 0.   ]",1.3048964531915255,1.5530298388758224,0.125,0.125,0.125,0.0,0.125,0.125,0.125,0.0,0.125,0.0,0.125,0.0,0.0
1137,2018-08-20,[0.   0.   0.   0.   0.25 0.   0.25 0.   0.   0.25 0.25 0.   0.  ],1.3095992314133877,1.5555371639200377,0.0,0.0,0.0,0.25,0.0,0.25,0.0,0.0,0.25,0.25,0.0,0.0,0.0
1138,2018-08-21,"[0.    0.125 0.125 0.    0.    0.125 0.125 0.    0.125 0.125 0.125 0.
 0.125]",1.3263987526070256,1.5618664007579248,0.125,0.125,0.0,0.0,0.125,0.125,0.0,0.125,0.125,0.125,0.0,0.125,0.0
1139,2018-08-22,"[0.         0.         0.         0.14285715 0.14285715 0.14285715
 0.         0.14285715 0.14285715 0.         0.14285715 0.14285715
 0.        ]",1.3313184801186069,1.5646238980070304,0.0,0.0,0.1428571492433548,0.1428571492433548,0.1428571492433548,0.0,0.1428571492433548,0.1428571492433548,0.0,0.1428571492433548,0.1428571492433548,0.0,0.0
1140,2018-08-23,"[0.         0.         0.         0.14285715 0.14285715 0.
 0.         0.14285715 0.14285715 0.14285715 0.14285715 0.
 0.14285715]",1.3374648611657876,1.5705586606127742,0.0,0.0,0.1428571492433548,0.1428571492433548,0.0,0.0,0.1428571492433548,0.1428571492433548,0.1428571492433548,0.1428571492433548,0.0,0.1428571492433548,0.0
1141,2018-08-24,"[0.        0.        0.3333333 0.3333333 0.        0.        0.
 0.        0.        0.3333333 0.        0.        0.       ]",1.3417216369354557,1.5744713224244764,0.0,0.3333333134651184,0.3333333134651184,0.0,0.0,0.0,0.0,0.0,0.3333333134651184,0.0,0.0,0.0,0.0
1142,2018-08-27,"[0.        0.        0.        0.        0.3333333 0.3333333 0.
 0.        0.        0.        0.        0.3333333 0.       ]",1.345288681089028,1.5776673329172086,0.0,0.0,0.0,0.3333333134651184,0.3333333134651184,0.0,0.0,0.0,0.0,0.0,0.3333333134651184,0.0,0.0
1143,2018-08-28,[0.  0.2 0.  0.2 0.  0.  0.  0.2 0.2 0.  0.  0.2 0. ],1.347973733498458,1.5836061255507115,0.20000000298023224,0.0,0.20000000298023224,0.0,0.0,0.0,0.20000000298023224,0.20000000298023224,0.0,0.0,0.20000000298023224,0.0,0.0
1144,2018-08-29,"[0.         0.14285715 0.14285715 0.14285715 0.14285715 0.14285715
 0.         0.         0.14285715 0.         0.         0.14285715
 0.        ]",1.354971389877447,1.5925289628490833,0.1428571492433548,0.1428571492433548,0.1428571492433548,0.1428571492433548,0.1428571492433548,0.0,0.0,0.1428571492433548,0.0,0.0,0.1428571492433548,0.0,0.0
1145,2018-08-30,[0.  0.  0.  0.2 0.  0.2 0.2 0.2 0.2 0.  0.  0.  0. ],1.3472739549584356,1.5850662033211478,0.0,0.0,0.20000000298023224,0.0,0.20000000298023224,0.20000000298023224,0.20000000298023224,0.20000000298023224,0.0,0.0,0.0,0.0,0.0
1146,2018-08-31,"[0.         0.14285715 0.14285715 0.14285715 0.         0.14285715
 0.14285715 0.         0.         0.         0.         0.14285715
 0.14285715]",1.3496389593175873,1.587875778684135,0.1428571492433548,0.1428571492433548,0.1428571492433548,0.0,0.1428571492433548,0.1428571492433548,0.0,0.0,0.0,0.0,0.1428571492433548,0.1428571492433548,0.0
1147,2018-09-04,[0.   0.   0.   0.   0.25 0.   0.25 0.   0.   0.   0.25 0.25 0.  ],1.3417842840106313,1.5783791680752068,0.0,0.0,0.0,0.25,0.0,0.25,0.0,0.0,0.0,0.25,0.25,0.0,0.0
1148,2018-09-05,"[0.         0.14285715 0.14285715 0.         0.14285715 0.
 0.14285715 0.14285715 0.14285715 0.14285715 0.         0.
 0.        ]",1.3522589321529004,1.5828257960233527,0.1428571492433548,0.1428571492433548,0.0,0.1428571492433548,0.0,0.1428571492433548,0.1428571492433548,0.1428571492433548,0.1428571492433548,0.0,0.0,0.0,0.0
1149,2018-09-06,"[0.        0.        0.3333333 0.3333333 0.        0.        0.
 0.        0.        0.        0.        0.        0.3333333]",1.3522479071803286,1.5831211012127997,0.0,0.3333333134651184,0.3333333134651184,0.0,0.0,0.0,0.0,0.0,0.0,0.0,0.0,0.3333333134651184,0.0
1150,2018-09-07,[0.  0.  0.  0.  0.  0.2 0.  0.2 0.2 0.  0.  0.2 0.2],1.3422009058203876,1.5788981624291558,0.0,0.0,0.0,0.0,0.20000000298023224,0.0,0.20000000298023224,0.20000000298023224,0.0,0.0,0.20000000298023224,0.20000000298023224,0.0
1151,2018-09-10,"[0.        0.1111111 0.1111111 0.1111111 0.1111111 0.1111111 0.
 0.        0.1111111 0.        0.1111111 0.1111111 0.1111111]",1.326954398642251,1.5683184755728912,0.1111111044883728,0.1111111044883728,0.1111111044883728,0.1111111044883728,0.1111111044883728,0.0,0.0,0.1111111044883728,0.0,0.1111111044883728,0.1111111044883728,0.1111111044883728,0.0
1152,2018-09-11,"[0.    0.125 0.    0.125 0.    0.125 0.125 0.    0.125 0.    0.125 0.125
 0.125]",1.327766415160901,1.5699646584227676,0.125,0.0,0.125,0.0,0.125,0.125,0.0,0.125,0.0,0.125,0.125,0.125,0.0
1153,2018-09-12,"[0.         0.         0.16666666 0.16666666 0.         0.16666666
 0.16666666 0.16666666 0.         0.16666666 0.         0.
 0.        ]",1.3208665362240422,1.5613447818369366,0.0,0.1666666567325592,0.1666666567325592,0.0,0.1666666567325592,0.1666666567325592,0.1666666567325592,0.0,0.1666666567325592,0.0,0.0,0.0,0.0
1154,2018-09-13,"[0.    0.125 0.125 0.    0.    0.125 0.125 0.125 0.    0.125 0.125 0.
 0.125]",1.3202943262278766,1.5581187132678327,0.125,0.125,0.0,0.0,0.125,0.125,0.125,0.0,0.125,0.125,0.0,0.125,0.0
1155,2018-09-14,"[0.         0.         0.14285715 0.         0.14285715 0.
 0.         0.14285715 0.14285715 0.14285715 0.14285715 0.14285715
 0.        ]",1.3341511601725637,1.560018399830147,0.0,0.1428571492433548,0.0,0.1428571492433548,0.0,0.0,0.1428571492433548,0.1428571492433548,0.1428571492433548,0.1428571492433548,0.1428571492433548,0.0,0.0
1156,2018-09-17,"[0.         0.         0.16666666 0.         0.         0.16666666
 0.         0.16666666 0.         0.         0.16666666 0.16666666
 0.16666666]",1.3309805240580754,1.5556436005539909,0.0,0.1666666567325592,0.0,0.0,0.1666666567325592,0.0,0.1666666567325592,0.0,0.0,0.1666666567325592,0.1666666567325592,0.1666666567325592,0.0
1157,2018-09-18,[0. 0. 0. 0. 0. 0. 0. 1. 0. 0. 0. 0. 0.],1.3252326512125743,1.555898245464199,0.0,0.0,0.0,0.0,0.0,0.0,1.0,0.0,0.0,0.0,0.0,0.0,0.0
1158,2018-09-19,"[0.    0.125 0.    0.    0.125 0.125 0.    0.125 0.125 0.125 0.125 0.
 0.125]",1.312449133585806,1.5640346562930856,0.125,0.0,0.0,0.125,0.125,0.0,0.125,0.125,0.125,0.125,0.0,0.125,0.0
1159,2018-09-20,"[0.        0.1111111 0.1111111 0.1111111 0.        0.1111111 0.1111111
 0.        0.1111111 0.1111111 0.        0.1111111 0.1111111]",1.3223918891782378,1.5710329155266927,0.1111111044883728,0.1111111044883728,0.1111111044883728,0.0,0.1111111044883728,0.1111111044883728,0.0,0.1111111044883728,0.1111111044883728,0.0,0.1111111044883728,0.1111111044883728,0.0
1160,2018-09-21,"[0.         0.         0.14285715 0.14285715 0.         0.14285715
 0.14285715 0.         0.14285715 0.         0.14285715 0.14285715
 0.        ]",1.3376218683651966,1.5870981093099152,0.0,0.1428571492433548,0.1428571492433548,0.0,0.1428571492433548,0.1428571492433548,0.0,0.1428571492433548,0.0,0.1428571492433548,0.1428571492433548,0.0,0.0
1161,2018-09-24,"[0.        0.1111111 0.1111111 0.1111111 0.1111111 0.        0.
 0.1111111 0.        0.1111111 0.1111111 0.1111111 0.1111111]",1.3579599808574097,1.6045188639835615,0.1111111044883728,0.1111111044883728,0.1111111044883728,0.1111111044883728,0.0,0.0,0.1111111044883728,0.0,0.1111111044883728,0.1111111044883728,0.1111111044883728,0.1111111044883728,0.0
1162,2018-09-25,"[0.         0.         0.14285715 0.         0.14285715 0.14285715
 0.14285715 0.14285715 0.14285715 0.         0.         0.14285715
 0.        ]",1.3616327030423498,1.6081666423035157,0.0,0.1428571492433548,0.0,0.1428571492433548,0.1428571492433548,0.1428571492433548,0.1428571492433548,0.1428571492433548,0.0,0.0,0.1428571492433548,0.0,0.0
1163,2018-09-26,"[0.    0.125 0.    0.    0.125 0.125 0.125 0.125 0.125 0.125 0.125 0.
 0.   ]",1.3547001546175128,1.6047412116230257,0.125,0.0,0.0,0.125,0.125,0.125,0.125,0.125,0.125,0.125,0.0,0.0,0.0
1164,2018-09-27,"[0.         0.         0.16666666 0.16666666 0.         0.16666666
 0.16666666 0.16666666 0.         0.         0.         0.16666666
 0.        ]",1.3455279108466072,1.602825332230514,0.0,0.1666666567325592,0.1666666567325592,0.0,0.1666666567325592,0.1666666567325592,0.1666666567325592,0.0,0.0,0.0,0.1666666567325592,0.0,0.0
1165,2018-09-28,"[0.         0.         0.14285715 0.14285715 0.14285715 0.
 0.14285715 0.         0.14285715 0.14285715 0.         0.14285715
 0.        ]",1.3346215340688061,1.5921779030014158,0.0,0.1428571492433548,0.1428571492433548,0.1428571492433548,0.0,0.1428571492433548,0.0,0.1428571492433548,0.1428571492433548,0.0,0.1428571492433548,0.0,0.0
1166,2018-10-01,"[0.         0.14285715 0.         0.14285715 0.         0.
 0.         0.14285715 0.         0.14285715 0.14285715 0.14285715
 0.14285715]",1.327225620983842,1.5864345525909418,0.1428571492433548,0.0,0.1428571492433548,0.0,0.0,0.0,0.1428571492433548,0.0,0.1428571492433548,0.1428571492433548,0.1428571492433548,0.1428571492433548,0.0
1167,2018-10-02,[0.   0.   0.   0.   0.25 0.   0.   0.25 0.   0.   0.   0.25 0.25],1.3435493088907715,1.5996705180041169,0.0,0.0,0.0,0.25,0.0,0.0,0.25,0.0,0.0,0.0,0.25,0.25,0.0
1168,2018-10-03,[0.  0.  0.  0.  0.2 0.2 0.  0.  0.  0.  0.2 0.2 0.2],1.3108334094410026,1.5845619682398788,0.0,0.0,0.0,0.20000000298023224,0.20000000298023224,0.0,0.0,0.0,0.0,0.20000000298023224,0.20000000298023224,0.20000000298023224,0.0
1169,2018-10-04,"[0.        0.        0.1111111 0.1111111 0.        0.1111111 0.1111111
 0.1111111 0.1111111 0.        0.1111111 0.1111111 0.1111111]",1.3199846676572455,1.597657891254882,0.0,0.1111111044883728,0.1111111044883728,0.0,0.1111111044883728,0.1111111044883728,0.1111111044883728,0.1111111044883728,0.0,0.1111111044883728,0.1111111044883728,0.1111111044883728,0.0
1170,2018-10-05,"[0.         0.         0.14285715 0.14285715 0.         0.14285715
 0.         0.14285715 0.14285715 0.14285715 0.14285715 0.
 0.        ]",1.315327348085068,1.5972152551301737,0.0,0.1428571492433548,0.1428571492433548,0.0,0.1428571492433548,0.0,0.1428571492433548,0.1428571492433548,0.1428571492433548,0.1428571492433548,0.0,0.0,0.0
1171,2018-10-08,[0.  0.  0.  0.2 0.  0.  0.  0.2 0.2 0.  0.2 0.2 0. ],1.3183210124302764,1.5973862692214191,0.0,0.0,0.20000000298023224,0.0,0.0,0.0,0.20000000298023224,0.20000000298023224,0.0,0.20000000298023224,0.20000000298023224,0.0,0.0
1172,2018-10-09,[0.  0.  0.2 0.2 0.  0.  0.2 0.  0.  0.2 0.2 0.  0. ],1.2937846245081286,1.5713285351334665,0.0,0.20000000298023224,0.20000000298023224,0.0,0.0,0.20000000298023224,0.0,0.0,0.20000000298023224,0.20000000298023224,0.0,0.0,0.0
1173,2018-10-10,"[0.    0.125 0.125 0.125 0.    0.125 0.    0.    0.125 0.125 0.125 0.125
 0.   ]",1.2951906511202946,1.574581818700743,0.125,0.125,0.125,0.0,0.125,0.0,0.0,0.125,0.125,0.125,0.125,0.0,0.0
1174,2018-10-11,[0.  0.  0.  0.2 0.2 0.2 0.  0.2 0.  0.  0.2 0.  0. ],1.2932420073899906,1.5728726481575301,0.0,0.0,0.20000000298023224,0.20000000298023224,0.20000000298023224,0.0,0.20000000298023224,0.0,0.0,0.20000000298023224,0.0,0.0,0.0
1175,2018-10-12,"[0.         0.         0.         0.         0.16666666 0.16666666
 0.         0.16666666 0.         0.16666666 0.         0.16666666
 0.16666666]",1.2620464463191476,1.5367917379226557,0.0,0.0,0.0,0.1666666567325592,0.1666666567325592,0.0,0.1666666567325592,0.0,0.1666666567325592,0.0,0.1666666567325592,0.1666666567325592,0.0
1176,2018-10-15,[0.  0.1 0.1 0.1 0.1 0.1 0.1 0.1 0.  0.  0.1 0.1 0.1],1.2543948338060635,1.522787128721857,0.10000000149011612,0.10000000149011612,0.10000000149011612,0.10000000149011612,0.10000000149011612,0.10000000149011612,0.10000000149011612,0.0,0.0,0.10000000149011612,0.10000000149011612,0.10000000149011612,0.0
1177,2018-10-16,"[0.         0.16666666 0.         0.16666666 0.16666666 0.
 0.16666666 0.         0.16666666 0.         0.         0.16666666
 0.        ]",1.2372466378958327,1.5047842296006997,0.1666666567325592,0.0,0.1666666567325592,0.1666666567325592,0.0,0.1666666567325592,0.0,0.1666666567325592,0.0,0.0,0.1666666567325592,0.0,0.0
1178,2018-10-17,"[0.         0.16666666 0.16666666 0.         0.         0.16666666
 0.         0.         0.16666666 0.         0.         0.16666666
 0.16666666]",1.2514526491251636,1.5139174244525069,0.1666666567325592,0.1666666567325592,0.0,0.0,0.1666666567325592,0.0,0.0,0.1666666567325592,0.0,0.0,0.1666666567325592,0.1666666567325592,0.0
1179,2018-10-18,"[0.         0.         0.         0.16666666 0.16666666 0.
 0.         0.16666666 0.16666666 0.16666666 0.         0.16666666
 0.        ]",1.2629590272608644,1.5300793234603474,0.0,0.0,0.1666666567325592,0.1666666567325592,0.0,0.0,0.1666666567325592,0.1666666567325592,0.1666666567325592,0.0,0.1666666567325592,0.0,0.0
1180,2018-10-19,[0.  0.  0.5 0.  0.  0.  0.5 0.  0.  0.  0.  0.  0. ],1.2618701297941584,1.5270159185277272,0.0,0.5,0.0,0.0,0.0,0.5,0.0,0.0,0.0,0.0,0.0,0.0,0.0
1181,2018-10-22,[0.   0.   0.   0.   0.   0.25 0.25 0.25 0.25 0.   0.   0.   0.  ],1.2500434890395384,1.5095245833634463,0.0,0.0,0.0,0.0,0.25,0.25,0.25,0.25,0.0,0.0,0.0,0.0,0.0
1182,2018-10-23,"[0.         0.         0.         0.         0.         0.
 0.16666666 0.16666666 0.16666666 0.         0.16666666 0.16666666
 0.16666666]",1.2258918826181602,1.4958318901144465,0.0,0.0,0.0,0.0,0.0,0.1666666567325592,0.1666666567325592,0.1666666567325592,0.0,0.1666666567325592,0.1666666567325592,0.1666666567325592,0.0
1183,2018-10-24,[0.   0.   0.   0.   0.   0.   0.25 0.25 0.   0.   0.25 0.   0.25],1.212510116846473,1.4634738560341887,0.0,0.0,0.0,0.0,0.0,0.25,0.25,0.0,0.0,0.25,0.0,0.25,0.0
1184,2018-10-25,[0.  0.  0.2 0.  0.  0.2 0.2 0.2 0.  0.  0.2 0.  0. ],1.2196933229576605,1.4588441273237864,0.0,0.20000000298023224,0.0,0.0,0.20000000298023224,0.20000000298023224,0.20000000298023224,0.0,0.0,0.20000000298023224,0.0,0.0,0.0
1185,2018-10-26,[0.   0.   0.   0.25 0.25 0.25 0.   0.   0.25 0.   0.   0.   0.  ],1.2143926228074258,1.4426081202158836,0.0,0.0,0.25,0.25,0.25,0.0,0.0,0.25,0.0,0.0,0.0,0.0,0.0
1186,2018-10-29,"[0.    0.125 0.125 0.125 0.125 0.125 0.125 0.125 0.    0.    0.    0.
 0.125]",1.2032356640276465,1.446106204745593,0.125,0.125,0.125,0.125,0.125,0.125,0.125,0.0,0.0,0.0,0.0,0.125,0.0
1187,2018-10-30,[0.   0.   0.   0.   0.   0.25 0.   0.25 0.   0.25 0.   0.   0.25],1.2228045243033765,1.4712579976741487,0.0,0.0,0.0,0.0,0.25,0.0,0.25,0.0,0.25,0.0,0.0,0.25,0.0
1188,2018-10-31,[0.   0.   0.   0.   0.25 0.   0.25 0.25 0.   0.   0.   0.25 0.  ],1.2061616312939318,1.4673117594186114,0.0,0.0,0.0,0.25,0.0,0.25,0.25,0.0,0.0,0.0,0.25,0.0,0.0
1189,2018-11-01,"[0.         0.16666666 0.         0.         0.16666666 0.
 0.16666666 0.16666666 0.         0.16666666 0.16666666 0.
 0.        ]",1.2292975103325425,1.5055015338670898,0.1666666567325592,0.0,0.0,0.1666666567325592,0.0,0.1666666567325592,0.1666666567325592,0.0,0.1666666567325592,0.1666666567325592,0.0,0.0,0.0
1190,2018-11-02,"[0.         0.         0.         0.16666666 0.16666666 0.
 0.         0.16666666 0.16666666 0.         0.16666666 0.16666666
 0.        ]",1.2352015119509572,1.5092303298627838,0.0,0.0,0.1666666567325592,0.1666666567325592,0.0,0.0,0.1666666567325592,0.1666666567325592,0.0,0.1666666567325592,0.1666666567325592,0.0,0.0
1191,2018-11-05,"[0.        0.1111111 0.        0.1111111 0.1111111 0.1111111 0.1111111
 0.1111111 0.        0.        0.1111111 0.1111111 0.1111111]",1.2504513017887666,1.5328001277606995,0.1111111044883728,0.0,0.1111111044883728,0.1111111044883728,0.1111111044883728,0.1111111044883728,0.1111111044883728,0.0,0.0,0.1111111044883728,0.1111111044883728,0.1111111044883728,0.0
1192,2018-11-06,[0.  0.  0.  0.2 0.2 0.2 0.  0.  0.  0.2 0.2 0.  0. ],1.242139483431315,1.5197622630634937,0.0,0.0,0.20000000298023224,0.20000000298023224,0.20000000298023224,0.0,0.0,0.0,0.20000000298023224,0.20000000298023224,0.0,0.0,0.0
1193,2018-11-07,[0.   0.25 0.   0.   0.   0.25 0.25 0.   0.   0.25 0.   0.   0.  ],1.2449695087545654,1.5237093404386952,0.25,0.0,0.0,0.0,0.25,0.25,0.0,0.0,0.25,0.0,0.0,0.0,0.0
1194,2018-11-08,"[0.         0.         0.14285715 0.14285715 0.         0.
 0.14285715 0.14285715 0.14285715 0.14285715 0.14285715 0.
 0.        ]",1.2457943908146858,1.5345535081552568,0.0,0.1428571492433548,0.1428571492433548,0.0,0.0,0.1428571492433548,0.1428571492433548,0.1428571492433548,0.1428571492433548,0.1428571492433548,0.0,0.0,0.0
1195,2018-11-09,[0.  0.  0.  0.  0.  0.2 0.  0.  0.  0.2 0.2 0.2 0.2],1.249979408368627,1.5262208980505538,0.0,0.0,0.0,0.0,0.20000000298023224,0.0,0.0,0.0,0.20000000298023224,0.20000000298023224,0.20000000298023224,0.20000000298023224,0.0
1196,2018-11-12,"[0.         0.16666666 0.         0.16666666 0.         0.16666666
 0.16666666 0.         0.16666666 0.         0.         0.
 0.16666666]",1.2511452064616413,1.5307028442005244,0.1666666567325592,0.0,0.1666666567325592,0.0,0.1666666567325592,0.1666666567325592,0.0,0.1666666567325592,0.0,0.0,0.0,0.1666666567325592,0.0
1197,2018-11-13,[0.  0.  0.  0.  0.  0.  0.  0.  0.  0.  0.5 0.  0.5],1.24431441745005,1.5128607132365974,0.0,0.0,0.0,0.0,0.0,0.0,0.0,0.0,0.0,0.5,0.0,0.5,0.0
1198,2018-11-14,"[0.         0.14285715 0.14285715 0.         0.14285715 0.14285715
 0.14285715 0.14285715 0.         0.14285715 0.         0.
 0.        ]",1.2431460854873384,1.4924171976919889,0.1428571492433548,0.1428571492433548,0.0,0.1428571492433548,0.1428571492433548,0.1428571492433548,0.1428571492433548,0.0,0.1428571492433548,0.0,0.0,0.0,0.0
1199,2018-11-15,[0.  0.1 0.  0.1 0.1 0.  0.1 0.1 0.1 0.1 0.1 0.1 0.1],1.2469184100155262,1.5029207596200418,0.10000000149011612,0.0,0.10000000149011612,0.10000000149011612,0.0,0.10000000149011612,0.10000000149011612,0.10000000149011612,0.10000000149011612,0.10000000149011612,0.10000000149011612,0.10000000149011612,0.0
1200,2018-11-16,"[0.        0.        0.3333333 0.        0.3333333 0.        0.
 0.        0.        0.        0.        0.3333333 0.       ]",1.2128416207380979,1.4662128357462587,0.0,0.3333333134651184,0.0,0.3333333134651184,0.0,0.0,0.0,0.0,0.0,0.0,0.3333333134651184,0.0,0.0
1201,2018-11-19,"[0.         0.         0.14285715 0.14285715 0.         0.14285715
 0.14285715 0.14285715 0.14285715 0.         0.         0.14285715
 0.        ]",1.2520806769887303,1.4985671476537676,0.0,0.1428571492433548,0.1428571492433548,0.0,0.1428571492433548,0.1428571492433548,0.1428571492433548,0.1428571492433548,0.0,0.0,0.1428571492433548,0.0,0.0
1202,2018-11-20,[0.   0.25 0.   0.25 0.   0.   0.   0.25 0.   0.   0.25 0.   0.  ],1.2560776073725965,1.5117922859846458,0.25,0.0,0.25,0.0,0.0,0.0,0.25,0.0,0.0,0.25,0.0,0.0,0.0
1203,2018-11-21,"[0.        0.        0.        0.        0.        0.        0.3333333
 0.3333333 0.        0.        0.3333333 0.        0.       ]",1.2237314395404126,1.48707338489706,0.0,0.0,0.0,0.0,0.0,0.3333333134651184,0.3333333134651184,0.0,0.0,0.3333333134651184,0.0,0.0,0.0
1204,2018-11-23,[0.  0.2 0.2 0.  0.2 0.  0.  0.2 0.  0.2 0.  0.  0. ],1.2152910023968617,1.4920828667779,0.20000000298023224,0.20000000298023224,0.0,0.20000000298023224,0.0,0.0,0.20000000298023224,0.0,0.20000000298023224,0.0,0.0,0.0,0.0
1205,2018-11-26,"[0.    0.125 0.125 0.    0.125 0.125 0.    0.    0.125 0.125 0.125 0.
 0.125]",1.1963711337809257,1.4735565828824133,0.125,0.125,0.0,0.125,0.125,0.0,0.0,0.125,0.125,0.125,0.0,0.125,0.0
1206,2018-11-27,"[0.        0.        0.1111111 0.        0.1111111 0.        0.1111111
 0.1111111 0.1111111 0.1111111 0.1111111 0.1111111 0.1111111]",1.2151580826452038,1.4991038914685282,0.0,0.1111111044883728,0.0,0.1111111044883728,0.0,0.1111111044883728,0.1111111044883728,0.1111111044883728,0.1111111044883728,0.1111111044883728,0.1111111044883728,0.1111111044883728,0.0
1207,2018-11-28,[0.  0.2 0.2 0.2 0.  0.2 0.  0.  0.  0.  0.  0.2 0. ],1.2035707829663325,1.4906989559909134,0.20000000298023224,0.20000000298023224,0.20000000298023224,0.0,0.20000000298023224,0.0,0.0,0.0,0.0,0.0,0.20000000298023224,0.0,0.0
1208,2018-11-29,"[0.    0.125 0.    0.125 0.125 0.125 0.125 0.125 0.    0.    0.    0.125
 0.125]",1.208067225643389,1.5028322257764737,0.125,0.0,0.125,0.125,0.125,0.125,0.125,0.0,0.0,0.0,0.125,0.125,0.0
1209,2018-11-30,"[0.         0.         0.16666666 0.         0.16666666 0.16666666
 0.         0.16666666 0.16666666 0.         0.         0.16666666
 0.        ]",1.231257436387982,1.5245419250691763,0.0,0.1666666567325592,0.0,0.1666666567325592,0.1666666567325592,0.0,0.1666666567325592,0.1666666567325592,0.0,0.0,0.1666666567325592,0.0,0.0
1210,2018-12-03,"[0.         0.         0.16666666 0.16666666 0.16666666 0.
 0.         0.         0.16666666 0.16666666 0.16666666 0.
 0.        ]",1.2351193762777586,1.5233473599960523,0.0,0.1666666567325592,0.1666666567325592,0.1666666567325592,0.0,0.0,0.0,0.1666666567325592,0.1666666567325592,0.1666666567325592,0.0,0.0,0.0
1211,2018-12-04,"[0.         0.16666666 0.         0.         0.         0.16666666
 0.16666666 0.16666666 0.16666666 0.16666666 0.         0.
 0.        ]",1.274386804753189,1.5546512320095418,0.1666666567325592,0.0,0.0,0.0,0.1666666567325592,0.1666666567325592,0.1666666567325592,0.1666666567325592,0.1666666567325592,0.0,0.0,0.0,0.0
1212,2018-12-06,"[0.         0.         0.14285715 0.         0.         0.14285715
 0.         0.14285715 0.14285715 0.14285715 0.14285715 0.
 0.14285715]",1.2673279444573284,1.5414810143876128,0.0,0.1428571492433548,0.0,0.0,0.1428571492433548,0.0,0.1428571492433548,0.1428571492433548,0.1428571492433548,0.1428571492433548,0.0,0.1428571492433548,0.0
1213,2018-12-07,[0.  0.  0.2 0.2 0.2 0.  0.2 0.  0.  0.  0.  0.2 0. ],1.2041037798696572,1.4622629986474078,0.0,0.20000000298023224,0.20000000298023224,0.20000000298023224,0.0,0.20000000298023224,0.0,0.0,0.0,0.0,0.20000000298023224,0.0,0.0
1214,2018-12-10,"[0.    0.125 0.125 0.125 0.    0.125 0.125 0.    0.125 0.    0.    0.125
 0.125]",1.2142922344751619,1.4770999796023223,0.125,0.125,0.125,0.0,0.125,0.125,0.0,0.125,0.0,0.0,0.125,0.125,0.0
1215,2018-12-11,"[0.         0.         0.16666666 0.         0.         0.
 0.16666666 0.         0.16666666 0.16666666 0.16666666 0.
 0.16666666]",1.1981627478729902,1.4562145176936494,0.0,0.1666666567325592,0.0,0.0,0.0,0.1666666567325592,0.0,0.1666666567325592,0.1666666567325592,0.1666666567325592,0.0,0.1666666567325592,0.0
1216,2018-12-12,"[0.         0.         0.16666666 0.         0.16666666 0.16666666
 0.         0.         0.16666666 0.         0.         0.16666666
 0.16666666]",1.2179647528652469,1.4645829623006694,0.0,0.1666666567325592,0.0,0.1666666567325592,0.1666666567325592,0.0,0.0,0.1666666567325592,0.0,0.0,0.1666666567325592,0.1666666567325592,0.0
1217,2018-12-13,"[0.         0.         0.16666666 0.         0.         0.
 0.         0.16666666 0.16666666 0.16666666 0.16666666 0.16666666
 0.        ]",1.2167774303726693,1.4645760313098386,0.0,0.1666666567325592,0.0,0.0,0.0,0.0,0.1666666567325592,0.1666666567325592,0.1666666567325592,0.1666666567325592,0.1666666567325592,0.0,0.0
1218,2018-12-14,"[0.         0.         0.16666666 0.         0.         0.16666666
 0.         0.16666666 0.16666666 0.         0.         0.16666666
 0.16666666]",1.2131285852443257,1.4631723196579791,0.0,0.1666666567325592,0.0,0.0,0.1666666567325592,0.0,0.1666666567325592,0.1666666567325592,0.0,0.0,0.1666666567325592,0.1666666567325592,0.0
1219,2018-12-17,[0.   0.   0.   0.25 0.   0.25 0.   0.   0.25 0.   0.   0.25 0.  ],1.2032709631568743,1.4394627602379273,0.0,0.0,0.25,0.0,0.25,0.0,0.0,0.25,0.0,0.0,0.25,0.0,0.0
1220,2018-12-18,"[0.         0.14285715 0.14285715 0.         0.         0.
 0.14285715 0.14285715 0.14285715 0.         0.         0.14285715
 0.14285715]",1.1824890881642167,1.4177447584955118,0.1428571492433548,0.1428571492433548,0.0,0.0,0.0,0.1428571492433548,0.1428571492433548,0.1428571492433548,0.0,0.0,0.1428571492433548,0.1428571492433548,0.0
1221,2018-12-19,"[0.         0.16666666 0.         0.16666666 0.16666666 0.
 0.         0.         0.         0.16666666 0.16666666 0.16666666
 0.        ]",1.1834976286344006,1.416627366462977,0.1666666567325592,0.0,0.1666666567325592,0.1666666567325592,0.0,0.0,0.0,0.0,0.1666666567325592,0.1666666567325592,0.1666666567325592,0.0,0.0
1222,2018-12-20,"[0.        0.        0.        0.3333333 0.3333333 0.        0.
 0.        0.        0.        0.3333333 0.        0.       ]",1.17113037437212,1.4047182484363046,0.0,0.0,0.3333333134651184,0.3333333134651184,0.0,0.0,0.0,0.0,0.0,0.3333333134651184,0.0,0.0,0.0
1223,2018-12-21,"[0.         0.         0.16666666 0.         0.16666666 0.16666666
 0.         0.         0.16666666 0.         0.         0.16666666
 0.16666666]",1.1242358797052487,1.3629737528335548,0.0,0.1666666567325592,0.0,0.1666666567325592,0.1666666567325592,0.0,0.0,0.1666666567325592,0.0,0.0,0.1666666567325592,0.1666666567325592,0.0
1224,2018-12-24,"[0.         0.14285715 0.14285715 0.14285715 0.14285715 0.14285715
 0.14285715 0.         0.         0.         0.14285715 0.
 0.        ]",1.1017623073899454,1.3494505336346445,0.1428571492433548,0.1428571492433548,0.1428571492433548,0.1428571492433548,0.1428571492433548,0.1428571492433548,0.0,0.0,0.0,0.1428571492433548,0.0,0.0,0.0
1225,2018-12-26,"[0.    0.125 0.125 0.    0.    0.125 0.125 0.    0.125 0.125 0.125 0.
 0.125]",1.0730805610132366,1.3031447163651735,0.125,0.125,0.0,0.0,0.125,0.125,0.0,0.125,0.125,0.125,0.0,0.125,0.0
1226,2018-12-27,[0.   0.   0.25 0.25 0.   0.25 0.   0.   0.25 0.   0.   0.   0.  ],1.0574581750689966,1.2883274253195038,0.0,0.25,0.25,0.0,0.25,0.0,0.0,0.25,0.0,0.0,0.0,0.0,0.0
1227,2018-12-28,[0.  0.  0.  0.  0.2 0.  0.2 0.  0.2 0.  0.2 0.2 0. ],1.0845361601702659,1.3291990732118735,0.0,0.0,0.0,0.20000000298023224,0.0,0.20000000298023224,0.0,0.20000000298023224,0.0,0.20000000298023224,0.20000000298023224,0.0,0.0
1228,2018-12-31,"[0.         0.16666666 0.16666666 0.         0.         0.
 0.         0.16666666 0.         0.16666666 0.         0.16666666
 0.16666666]",1.1095477206228197,1.3598540918838244,0.1666666567325592,0.1666666567325592,0.0,0.0,0.0,0.0,0.1666666567325592,0.0,0.1666666567325592,0.0,0.1666666567325592,0.1666666567325592,0.0
1229,2019-01-02,"[0.         0.14285715 0.14285715 0.         0.         0.
 0.14285715 0.14285715 0.14285715 0.14285715 0.         0.
 0.14285715]",1.108191352656352,1.363270712435204,0.1428571492433548,0.1428571492433548,0.0,0.0,0.0,0.1428571492433548,0.1428571492433548,0.1428571492433548,0.1428571492433548,0.0,0.0,0.1428571492433548,0.0
1230,2019-01-03,"[0.         0.         0.16666666 0.16666666 0.16666666 0.
 0.16666666 0.16666666 0.         0.         0.         0.16666666
 0.        ]",1.0929972272552166,1.3394477805198213,0.0,0.1666666567325592,0.1666666567325592,0.1666666567325592,0.0,0.1666666567325592,0.1666666567325592,0.0,0.0,0.0,0.1666666567325592,0.0,0.0
1231,2019-01-04,"[0.         0.16666666 0.         0.16666666 0.         0.
 0.         0.16666666 0.16666666 0.16666666 0.16666666 0.
 0.        ]",1.1218381996798188,1.355368435599008,0.1666666567325592,0.0,0.1666666567325592,0.0,0.0,0.0,0.1666666567325592,0.1666666567325592,0.1666666567325592,0.1666666567325592,0.0,0.0,0.0
1232,2019-01-07,"[0.    0.125 0.    0.125 0.    0.125 0.125 0.125 0.125 0.125 0.125 0.
 0.   ]",1.1183535905044497,1.3469825826885728,0.125,0.0,0.125,0.0,0.125,0.125,0.125,0.125,0.125,0.125,0.0,0.0,0.0
1233,2019-01-08,"[0.    0.125 0.125 0.125 0.    0.125 0.    0.    0.    0.125 0.125 0.125
 0.125]",1.139614989489455,1.376162950677879,0.125,0.125,0.125,0.0,0.125,0.0,0.0,0.0,0.125,0.125,0.125,0.125,0.0
1234,2019-01-09,[0.  0.  0.2 0.2 0.  0.2 0.2 0.  0.  0.2 0.  0.  0. ],1.171338210479557,1.4085157423650538,0.0,0.20000000298023224,0.20000000298023224,0.0,0.20000000298023224,0.20000000298023224,0.0,0.0,0.20000000298023224,0.0,0.0,0.0,0.0
1235,2019-01-10,"[0.         0.16666666 0.         0.         0.         0.
 0.16666666 0.16666666 0.16666666 0.16666666 0.16666666 0.
 0.        ]",1.1735871807174576,1.407803639822649,0.1666666567325592,0.0,0.0,0.0,0.0,0.1666666567325592,0.1666666567325592,0.1666666567325592,0.1666666567325592,0.1666666567325592,0.0,0.0,0.0
1236,2019-01-11,"[0.    0.    0.125 0.125 0.125 0.125 0.125 0.125 0.125 0.    0.    0.
 0.125]",1.1648641194072358,1.397984904689516,0.0,0.125,0.125,0.125,0.125,0.125,0.125,0.125,0.0,0.0,0.0,0.125,0.0
1237,2019-01-14,[0.   0.25 0.25 0.   0.25 0.   0.   0.   0.   0.   0.   0.   0.25],1.166816409976056,1.4059605356851734,0.25,0.25,0.0,0.25,0.0,0.0,0.0,0.0,0.0,0.0,0.0,0.25,0.0
1238,2019-01-15,[0.  0.  0.  0.2 0.  0.2 0.  0.  0.  0.2 0.2 0.  0.2],1.1683821199184041,1.416507044870221,0.0,0.0,0.20000000298023224,0.0,0.20000000298023224,0.0,0.0,0.0,0.20000000298023224,0.20000000298023224,0.0,0.20000000298023224,0.0
1239,2019-01-16,[0.  0.2 0.  0.  0.2 0.2 0.  0.  0.  0.  0.2 0.  0.2],1.1741631752063963,1.4219026944570932,0.20000000298023224,0.0,0.0,0.20000000298023224,0.20000000298023224,0.0,0.0,0.0,0.0,0.20000000298023224,0.0,0.20000000298023224,0.0
1240,2019-01-17,"[0.         0.         0.         0.16666666 0.16666666 0.16666666
 0.         0.16666666 0.         0.16666666 0.16666666 0.
 0.        ]",1.1884612850227223,1.4350269812094136,0.0,0.0,0.1666666567325592,0.1666666567325592,0.1666666567325592,0.0,0.1666666567325592,0.0,0.1666666567325592,0.1666666567325592,0.0,0.0,0.0
1241,2019-01-18,[0.  0.2 0.2 0.  0.  0.  0.  0.2 0.2 0.  0.  0.  0.2],1.1870713871456275,1.4353674827890535,0.20000000298023224,0.20000000298023224,0.0,0.0,0.0,0.0,0.20000000298023224,0.20000000298023224,0.0,0.0,0.0,0.20000000298023224,0.0
1242,2019-01-22,"[0.        0.1111111 0.1111111 0.1111111 0.        0.1111111 0.
 0.1111111 0.        0.1111111 0.1111111 0.1111111 0.1111111]",1.2072083772917612,1.4562478634878802,0.1111111044883728,0.1111111044883728,0.1111111044883728,0.0,0.1111111044883728,0.0,0.1111111044883728,0.0,0.1111111044883728,0.1111111044883728,0.1111111044883728,0.1111111044883728,0.0
1243,2019-01-23,"[0.         0.         0.14285715 0.         0.         0.14285715
 0.14285715 0.14285715 0.14285715 0.         0.14285715 0.14285715
 0.        ]",1.2088230900465828,1.4564476589097362,0.0,0.1428571492433548,0.0,0.0,0.1428571492433548,0.1428571492433548,0.1428571492433548,0.1428571492433548,0.0,0.1428571492433548,0.1428571492433548,0.0,0.0
1244,2019-01-24,"[0.         0.         0.16666666 0.         0.16666666 0.
 0.16666666 0.         0.         0.16666666 0.16666666 0.
 0.16666666]",1.1955331009455386,1.4431418158197462,0.0,0.1666666567325592,0.0,0.1666666567325592,0.0,0.1666666567325592,0.0,0.0,0.1666666567325592,0.1666666567325592,0.0,0.1666666567325592,0.0
1245,2019-01-25,"[0.         0.16666666 0.         0.16666666 0.16666666 0.
 0.         0.16666666 0.         0.         0.16666666 0.16666666
 0.        ]",1.2103820196964858,1.4447613756896125,0.1666666567325592,0.0,0.1666666567325592,0.1666666567325592,0.0,0.0,0.1666666567325592,0.0,0.0,0.1666666567325592,0.1666666567325592,0.0,0.0
1246,2019-01-28,"[0.        0.        0.1111111 0.        0.1111111 0.        0.1111111
 0.1111111 0.1111111 0.1111111 0.1111111 0.1111111 0.1111111]",1.2428700900263372,1.4650169478066173,0.0,0.1111111044883728,0.0,0.1111111044883728,0.0,0.1111111044883728,0.1111111044883728,0.1111111044883728,0.1111111044883728,0.1111111044883728,0.1111111044883728,0.1111111044883728,0.0
1247,2019-01-29,[0.   0.   0.25 0.   0.   0.   0.25 0.   0.   0.   0.25 0.25 0.  ],1.2385034995391235,1.4671925375685033,0.0,0.25,0.0,0.0,0.0,0.25,0.0,0.0,0.0,0.25,0.25,0.0,0.0
1248,2019-01-30,[0.  0.  0.  0.  0.2 0.2 0.2 0.  0.2 0.  0.  0.2 0. ],1.2467831748415332,1.4719840356273621,0.0,0.0,0.0,0.20000000298023224,0.20000000298023224,0.20000000298023224,0.0,0.20000000298023224,0.0,0.0,0.20000000298023224,0.0,0.0
1249,2019-01-31,[0.  0.1 0.  0.1 0.1 0.1 0.1 0.1 0.  0.1 0.1 0.1 0.1],1.2421974016128425,1.4685739836181653,0.10000000149011612,0.0,0.10000000149011612,0.10000000149011612,0.10000000149011612,0.10000000149011612,0.10000000149011612,0.0,0.10000000149011612,0.10000000149011612,0.10000000149011612,0.10000000149011612,0.0
1250,2019-02-01,"[0.         0.         0.14285715 0.         0.14285715 0.14285715
 0.         0.         0.14285715 0.14285715 0.         0.14285715
 0.14285715]",1.2479887308669426,1.4737988821668035,0.0,0.1428571492433548,0.0,0.1428571492433548,0.1428571492433548,0.0,0.0,0.1428571492433548,0.1428571492433548,0.0,0.1428571492433548,0.1428571492433548,0.0
1251,2019-02-04,"[0.         0.16666666 0.         0.16666666 0.         0.
 0.         0.16666666 0.16666666 0.         0.         0.16666666
 0.16666666]",1.275335375405254,1.4968139911013039,0.1666666567325592,0.0,0.1666666567325592,0.0,0.0,0.0,0.1666666567325592,0.1666666567325592,0.0,0.0,0.1666666567325592,0.1666666567325592,0.0
1252,2019-02-05,[0.   0.   0.   0.25 0.   0.   0.   0.   0.   0.25 0.25 0.   0.25],1.2660272580801808,1.4957045520094883,0.0,0.0,0.25,0.0,0.0,0.0,0.0,0.0,0.25,0.25,0.0,0.25,0.0
1253,2019-02-06,[0.  0.  0.  0.  0.  0.2 0.  0.  0.2 0.  0.2 0.2 0.2],1.271859871871912,1.5062846692893173,0.0,0.0,0.0,0.0,0.20000000298023224,0.0,0.0,0.20000000298023224,0.0,0.20000000298023224,0.20000000298023224,0.20000000298023224,0.0
1254,2019-02-07,"[0.         0.         0.14285715 0.14285715 0.14285715 0.
 0.14285715 0.14285715 0.         0.         0.         0.14285715
 0.14285715]",1.2614174508170668,1.5003087691810681,0.0,0.1428571492433548,0.1428571492433548,0.1428571492433548,0.0,0.1428571492433548,0.1428571492433548,0.0,0.0,0.0,0.1428571492433548,0.1428571492433548,0.0
1255,2019-02-08,[0.  0.2 0.  0.2 0.  0.  0.  0.  0.2 0.  0.  0.2 0.2],1.2668503307332797,1.5058684327959044,0.20000000298023224,0.0,0.20000000298023224,0.0,0.0,0.0,0.0,0.20000000298023224,0.0,0.0,0.20000000298023224,0.20000000298023224,0.0
1256,2019-02-11,[0.  0.2 0.2 0.  0.2 0.  0.  0.  0.  0.  0.2 0.2 0. ],1.2375623865863947,1.482991010607137,0.20000000298023224,0.20000000298023224,0.0,0.20000000298023224,0.0,0.0,0.0,0.0,0.0,0.20000000298023224,0.20000000298023224,0.0,0.0
1257,2019-02-12,"[0.         0.         0.         0.16666666 0.         0.16666666
 0.         0.         0.         0.16666666 0.16666666 0.16666666
 0.16666666]",1.2423487169532508,1.4914174111339438,0.0,0.0,0.1666666567325592,0.0,0.1666666567325592,0.0,0.0,0.0,0.1666666567325592,0.1666666567325592,0.1666666567325592,0.1666666567325592,0.0
1258,2019-02-13,"[0.        0.        0.        0.        0.        0.        0.3333333
 0.        0.        0.        0.3333333 0.        0.3333333]",1.2194839609770047,1.4813438246033201,0.0,0.0,0.0,0.0,0.0,0.3333333134651184,0.0,0.0,0.0,0.3333333134651184,0.0,0.3333333134651184,0.0
1259,2019-02-14,[0.   0.   0.25 0.25 0.   0.   0.   0.25 0.   0.   0.25 0.   0.  ],1.2361137972968075,1.492219491808405,0.0,0.25,0.25,0.0,0.0,0.0,0.25,0.0,0.0,0.25,0.0,0.0,0.0
1260,2019-02-15,"[0.         0.         0.14285715 0.14285715 0.14285715 0.
 0.14285715 0.14285715 0.14285715 0.14285715 0.         0.
 0.        ]",1.2220266170591083,1.4900424760150945,0.0,0.1428571492433548,0.1428571492433548,0.1428571492433548,0.0,0.1428571492433548,0.1428571492433548,0.1428571492433548,0.1428571492433548,0.0,0.0,0.0,0.0
1261,2019-02-19,"[0.         0.16666666 0.         0.         0.16666666 0.16666666
 0.         0.16666666 0.         0.         0.16666666 0.
 0.16666666]",1.2315320032926553,1.5216161714690557,0.1666666567325592,0.0,0.0,0.1666666567325592,0.1666666567325592,0.0,0.1666666567325592,0.0,0.0,0.1666666567325592,0.0,0.1666666567325592,0.0
1262,2019-02-20,"[0.         0.         0.16666666 0.16666666 0.16666666 0.
 0.16666666 0.         0.16666666 0.         0.         0.
 0.16666666]",1.2373795772249312,1.5390363111976189,0.0,0.1666666567325592,0.1666666567325592,0.1666666567325592,0.0,0.1666666567325592,0.0,0.1666666567325592,0.0,0.0,0.0,0.1666666567325592,0.0
1263,2019-02-21,[0.  0.2 0.  0.  0.  0.2 0.2 0.2 0.  0.  0.  0.2 0. ],1.242746753238375,1.5576460241795174,0.20000000298023224,0.0,0.0,0.0,0.20000000298023224,0.20000000298023224,0.20000000298023224,0.0,0.0,0.0,0.20000000298023224,0.0,0.0
1264,2019-02-22,[0.   0.25 0.   0.   0.25 0.   0.   0.   0.25 0.   0.   0.25 0.  ],1.235892746797737,1.5571521321323276,0.25,0.0,0.0,0.25,0.0,0.0,0.0,0.25,0.0,0.0,0.25,0.0,0.0
1265,2019-02-25,"[0.         0.16666666 0.         0.16666666 0.         0.16666666
 0.         0.16666666 0.16666666 0.16666666 0.         0.
 0.        ]",1.2153746563606525,1.553679360450051,0.1666666567325592,0.0,0.1666666567325592,0.0,0.1666666567325592,0.0,0.1666666567325592,0.1666666567325592,0.1666666567325592,0.0,0.0,0.0,0.0
1266,2019-02-26,"[0.    0.    0.    0.    0.125 0.125 0.125 0.125 0.125 0.    0.125 0.125
 0.125]",1.2274147101369235,1.5852439153742435,0.0,0.0,0.0,0.125,0.125,0.125,0.125,0.125,0.0,0.125,0.125,0.125,0.0
1267,2019-02-27,"[0.    0.125 0.125 0.    0.125 0.125 0.125 0.125 0.125 0.125 0.    0.
 0.   ]",1.210086895361088,1.5660542448563035,0.125,0.125,0.0,0.125,0.125,0.125,0.125,0.125,0.125,0.0,0.0,0.0,0.0
1268,2019-02-28,"[0.        0.        0.        0.        0.        0.3333333 0.
 0.        0.3333333 0.        0.        0.3333333 0.       ]",1.2074682938214607,1.5574580712825603,0.0,0.0,0.0,0.0,0.3333333134651184,0.0,0.0,0.3333333134651184,0.0,0.0,0.3333333134651184,0.0,0.0
1269,2019-03-01,"[0.        0.1111111 0.        0.        0.1111111 0.1111111 0.1111111
 0.1111111 0.1111111 0.1111111 0.1111111 0.        0.1111111]",1.2484664771443659,1.572672340837534,0.1111111044883728,0.0,0.0,0.1111111044883728,0.1111111044883728,0.1111111044883728,0.1111111044883728,0.1111111044883728,0.1111111044883728,0.1111111044883728,0.0,0.1111111044883728,0.0
1270,2019-03-04,"[0.        0.1111111 0.        0.1111111 0.1111111 0.        0.
 0.1111111 0.1111111 0.1111111 0.1111111 0.1111111 0.1111111]",1.2616514809422115,1.578056470661479,0.1111111044883728,0.0,0.1111111044883728,0.1111111044883728,0.0,0.0,0.1111111044883728,0.1111111044883728,0.1111111044883728,0.1111111044883728,0.1111111044883728,0.1111111044883728,0.0
1271,2019-03-05,"[0.        0.        0.        0.3333333 0.3333333 0.        0.
 0.        0.        0.        0.3333333 0.        0.       ]",1.263236959016237,1.5802034387245587,0.0,0.0,0.3333333134651184,0.3333333134651184,0.0,0.0,0.0,0.0,0.0,0.3333333134651184,0.0,0.0,0.0
1272,2019-03-06,"[0.         0.         0.         0.         0.16666666 0.16666666
 0.16666666 0.16666666 0.         0.16666666 0.         0.16666666
 0.        ]",1.242010457250733,1.5745988730659086,0.0,0.0,0.0,0.1666666567325592,0.1666666567325592,0.1666666567325592,0.1666666567325592,0.0,0.1666666567325592,0.0,0.1666666567325592,0.0,0.0
1273,2019-03-07,"[0.         0.         0.         0.14285715 0.         0.14285715
 0.14285715 0.14285715 0.         0.14285715 0.         0.14285715
 0.14285715]",1.2447257488972288,1.5732268515962289,0.0,0.0,0.1428571492433548,0.0,0.1428571492433548,0.1428571492433548,0.1428571492433548,0.0,0.1428571492433548,0.0,0.1428571492433548,0.1428571492433548,0.0
1274,2019-03-08,[0.  0.2 0.  0.  0.  0.2 0.2 0.2 0.  0.2 0.  0.  0. ],1.225894772897818,1.5495321137311722,0.20000000298023224,0.0,0.0,0.0,0.20000000298023224,0.20000000298023224,0.20000000298023224,0.0,0.20000000298023224,0.0,0.0,0.0,0.0
1275,2019-03-11,"[0.         0.         0.16666666 0.         0.16666666 0.
 0.16666666 0.         0.16666666 0.         0.16666666 0.16666666
 0.        ]",1.2098366856103,1.5248462270337666,0.0,0.1666666567325592,0.0,0.1666666567325592,0.0,0.1666666567325592,0.0,0.1666666567325592,0.0,0.1666666567325592,0.1666666567325592,0.0,0.0
1276,2019-03-12,"[0.         0.         0.         0.14285715 0.         0.14285715
 0.         0.14285715 0.         0.14285715 0.14285715 0.14285715
 0.14285715]",1.2355935017459956,1.547900048472201,0.0,0.0,0.1428571492433548,0.0,0.1428571492433548,0.0,0.1428571492433548,0.0,0.1428571492433548,0.1428571492433548,0.1428571492433548,0.1428571492433548,0.0
1277,2019-03-13,"[0.        0.        0.        0.3333333 0.        0.        0.
 0.3333333 0.        0.        0.        0.        0.3333333]",1.2211651048878012,1.5394688503892573,0.0,0.0,0.3333333134651184,0.0,0.0,0.0,0.3333333134651184,0.0,0.0,0.0,0.0,0.3333333134651184,0.0
1278,2019-03-14,[0.  0.2 0.  0.2 0.  0.  0.  0.  0.  0.2 0.  0.2 0.2],1.227164497223887,1.5569200360791828,0.20000000298023224,0.0,0.20000000298023224,0.0,0.0,0.0,0.0,0.0,0.20000000298023224,0.0,0.20000000298023224,0.20000000298023224,0.0
1279,2019-03-15,"[0.    0.125 0.125 0.    0.125 0.125 0.    0.125 0.    0.125 0.125 0.
 0.125]",1.2443591009093529,1.5659140957729913,0.125,0.125,0.0,0.125,0.125,0.0,0.125,0.0,0.125,0.125,0.0,0.125,0.0
1280,2019-03-18,"[0.         0.         0.16666666 0.         0.16666666 0.16666666
 0.         0.         0.         0.16666666 0.16666666 0.16666666
 0.        ]",1.2451104303499816,1.5216670362386069,0.0,0.1666666567325592,0.0,0.1666666567325592,0.1666666567325592,0.0,0.0,0.0,0.1666666567325592,0.1666666567325592,0.1666666567325592,0.0,0.0
1281,2019-03-19,[0.  0.2 0.  0.  0.  0.2 0.  0.  0.2 0.2 0.2 0.  0. ],1.2818094122994392,1.54754910701519,0.20000000298023224,0.0,0.0,0.0,0.20000000298023224,0.0,0.0,0.20000000298023224,0.20000000298023224,0.20000000298023224,0.0,0.0,0.0
1282,2019-03-20,"[0.         0.16666666 0.16666666 0.         0.16666666 0.
 0.         0.16666666 0.         0.16666666 0.         0.
 0.16666666]",1.2921177746086998,1.5516221117985576,0.1666666567325592,0.1666666567325592,0.0,0.1666666567325592,0.0,0.0,0.1666666567325592,0.0,0.1666666567325592,0.0,0.0,0.1666666567325592,0.0
1283,2019-03-21,"[0.         0.         0.         0.16666666 0.16666666 0.16666666
 0.         0.16666666 0.16666666 0.         0.         0.16666666
 0.        ]",1.2790177935595723,1.5373286506006112,0.0,0.0,0.1666666567325592,0.1666666567325592,0.1666666567325592,0.0,0.1666666567325592,0.1666666567325592,0.0,0.0,0.1666666567325592,0.0,0.0
1284,2019-03-22,"[0.    0.    0.125 0.125 0.125 0.125 0.125 0.    0.    0.125 0.    0.125
 0.125]",1.2624927431393826,1.5204170551886635,0.0,0.125,0.125,0.125,0.125,0.125,0.0,0.0,0.125,0.0,0.125,0.125,0.0
1285,2019-03-25,"[0.         0.         0.         0.         0.         0.16666666
 0.16666666 0.16666666 0.16666666 0.16666666 0.         0.
 0.16666666]",1.2633954531789917,1.5225603349432384,0.0,0.0,0.0,0.0,0.1666666567325592,0.1666666567325592,0.1666666567325592,0.1666666567325592,0.1666666567325592,0.0,0.0,0.1666666567325592,0.0
1286,2019-03-26,[0.   0.25 0.   0.25 0.   0.   0.   0.   0.   0.   0.   0.25 0.25],1.2428453750208848,1.487850145547536,0.25,0.0,0.25,0.0,0.0,0.0,0.0,0.0,0.0,0.0,0.25,0.25,0.0
1287,2019-03-27,"[0.         0.         0.         0.14285715 0.         0.
 0.14285715 0.14285715 0.14285715 0.14285715 0.14285715 0.
 0.14285715]",1.2640102674764429,1.4985029210486396,0.0,0.0,0.1428571492433548,0.0,0.0,0.1428571492433548,0.1428571492433548,0.1428571492433548,0.1428571492433548,0.1428571492433548,0.0,0.1428571492433548,0.0
1288,2019-03-28,"[0.        0.        0.        0.        0.        0.3333333 0.3333333
 0.        0.3333333 0.        0.        0.        0.       ]",1.2694558054947003,1.5032357646570804,0.0,0.0,0.0,0.0,0.3333333134651184,0.3333333134651184,0.0,0.3333333134651184,0.0,0.0,0.0,0.0,0.0
1289,2019-03-29,"[0.         0.14285715 0.14285715 0.         0.14285715 0.
 0.14285715 0.         0.         0.14285715 0.         0.14285715
 0.14285715]",1.2694671555795272,1.5061412920079278,0.1428571492433548,0.1428571492433548,0.0,0.1428571492433548,0.0,0.1428571492433548,0.0,0.0,0.1428571492433548,0.0,0.1428571492433548,0.1428571492433548,0.0
1290,2019-04-01,[0.   0.   0.25 0.   0.   0.   0.   0.   0.25 0.   0.   0.25 0.25],1.2968443797531533,1.527465479187413,0.0,0.25,0.0,0.0,0.0,0.0,0.0,0.25,0.0,0.0,0.25,0.25,0.0
1291,2019-04-02,"[0.         0.14285715 0.14285715 0.         0.14285715 0.14285715
 0.14285715 0.14285715 0.         0.         0.         0.14285715
 0.        ]",1.3319969673698777,1.5439856714361384,0.1428571492433548,0.1428571492433548,0.0,0.1428571492433548,0.1428571492433548,0.1428571492433548,0.1428571492433548,0.0,0.0,0.0,0.1428571492433548,0.0,0.0
1292,2019-04-03,[0.   0.   0.   0.25 0.   0.   0.   0.25 0.   0.25 0.25 0.   0.  ],1.3351083046069268,1.5484503883774186,0.0,0.0,0.25,0.0,0.0,0.0,0.25,0.0,0.25,0.25,0.0,0.0,0.0
1293,2019-04-04,"[0.        0.        0.        0.        0.        0.3333333 0.
 0.        0.        0.3333333 0.        0.        0.3333333]",1.347055464718661,1.5614953189653185,0.0,0.0,0.0,0.0,0.3333333134651184,0.0,0.0,0.0,0.3333333134651184,0.0,0.0,0.3333333134651184,0.0
1294,2019-04-05,"[0.    0.    0.125 0.125 0.125 0.125 0.125 0.125 0.125 0.    0.    0.
 0.125]",1.3553025907137768,1.5527756260798817,0.0,0.125,0.125,0.125,0.125,0.125,0.125,0.125,0.0,0.0,0.0,0.125,0.0
1295,2019-04-08,"[0.         0.16666666 0.16666666 0.16666666 0.16666666 0.
 0.         0.         0.         0.16666666 0.16666666 0.
 0.        ]",1.3640025328221368,1.5639963749433263,0.1666666567325592,0.1666666567325592,0.1666666567325592,0.1666666567325592,0.0,0.0,0.0,0.0,0.1666666567325592,0.1666666567325592,0.0,0.0,0.0
1296,2019-04-09,[0.  0.2 0.  0.  0.  0.2 0.  0.  0.2 0.  0.2 0.  0.2],1.3596182715051133,1.5680576199880942,0.20000000298023224,0.0,0.0,0.0,0.20000000298023224,0.0,0.0,0.20000000298023224,0.0,0.20000000298023224,0.0,0.20000000298023224,0.0
1297,2019-04-10,"[0.         0.         0.         0.14285715 0.14285715 0.14285715
 0.14285715 0.         0.14285715 0.         0.14285715 0.
 0.14285715]",1.3625761637200862,1.5657768626752424,0.0,0.0,0.1428571492433548,0.1428571492433548,0.1428571492433548,0.1428571492433548,0.0,0.1428571492433548,0.0,0.1428571492433548,0.0,0.1428571492433548,0.0
1298,2019-04-11,"[0.        0.        0.1111111 0.1111111 0.1111111 0.1111111 0.1111111
 0.1111111 0.1111111 0.        0.        0.1111111 0.1111111]",1.353431471337671,1.559725386723296,0.0,0.1111111044883728,0.1111111044883728,0.1111111044883728,0.1111111044883728,0.1111111044883728,0.1111111044883728,0.1111111044883728,0.0,0.0,0.1111111044883728,0.1111111044883728,0.0
1299,2019-04-12,[0.  0.2 0.2 0.  0.2 0.  0.2 0.  0.  0.  0.  0.  0.2],1.3645682988801626,1.5720815457341604,0.20000000298023224,0.20000000298023224,0.0,0.20000000298023224,0.0,0.20000000298023224,0.0,0.0,0.0,0.0,0.0,0.20000000298023224,0.0
1300,2019-04-15,"[0.         0.14285715 0.         0.14285715 0.         0.14285715
 0.14285715 0.14285715 0.14285715 0.         0.14285715 0.
 0.        ]",1.380746368895647,1.5780714172769608,0.1428571492433548,0.0,0.1428571492433548,0.0,0.1428571492433548,0.1428571492433548,0.1428571492433548,0.1428571492433548,0.0,0.1428571492433548,0.0,0.0,0.0
1301,2019-04-16,"[0.    0.125 0.125 0.125 0.125 0.125 0.125 0.125 0.    0.    0.125 0.
 0.   ]",1.3801431958866126,1.5780398391521284,0.125,0.125,0.125,0.125,0.125,0.125,0.125,0.0,0.0,0.125,0.0,0.0,0.0
1302,2019-04-17,"[0.        0.1111111 0.1111111 0.1111111 0.        0.1111111 0.
 0.1111111 0.1111111 0.1111111 0.1111111 0.1111111 0.       ]",1.3779768364899982,1.5788765415072088,0.1111111044883728,0.1111111044883728,0.1111111044883728,0.0,0.1111111044883728,0.0,0.1111111044883728,0.1111111044883728,0.1111111044883728,0.1111111044883728,0.1111111044883728,0.0,0.0
1303,2019-04-18,"[0.         0.14285715 0.         0.14285715 0.         0.
 0.14285715 0.14285715 0.14285715 0.14285715 0.14285715 0.
 0.        ]",1.390366227280758,1.5936203060449667,0.1428571492433548,0.0,0.1428571492433548,0.0,0.0,0.1428571492433548,0.1428571492433548,0.1428571492433548,0.1428571492433548,0.1428571492433548,0.0,0.0,0.0
1304,2019-04-22,"[0.         0.         0.         0.16666666 0.         0.16666666
 0.16666666 0.16666666 0.16666666 0.         0.         0.16666666
 0.        ]",1.3871523992248866,1.5818852181281777,0.0,0.0,0.1666666567325592,0.0,0.1666666567325592,0.1666666567325592,0.1666666567325592,0.1666666567325592,0.0,0.0,0.1666666567325592,0.0,0.0
1305,2019-04-23,[0.  0.  0.  0.  0.5 0.  0.  0.  0.  0.  0.  0.5 0. ],1.35755902762753,1.5581537369166736,0.0,0.0,0.0,0.5,0.0,0.0,0.0,0.0,0.0,0.0,0.5,0.0,0.0
1306,2019-04-24,"[0.         0.14285715 0.14285715 0.14285715 0.         0.14285715
 0.14285715 0.         0.14285715 0.         0.14285715 0.
 0.        ]",1.399826367845456,1.564834599941076,0.1428571492433548,0.1428571492433548,0.1428571492433548,0.0,0.1428571492433548,0.1428571492433548,0.0,0.1428571492433548,0.0,0.1428571492433548,0.0,0.0,0.0
1307,2019-04-25,"[0.        0.        0.1111111 0.1111111 0.1111111 0.1111111 0.1111111
 0.        0.1111111 0.        0.1111111 0.1111111 0.1111111]",1.410678652428214,1.5783170004579534,0.0,0.1111111044883728,0.1111111044883728,0.1111111044883728,0.1111111044883728,0.1111111044883728,0.0,0.1111111044883728,0.0,0.1111111044883728,0.1111111044883728,0.1111111044883728,0.0
1308,2019-04-26,[0.  0.  0.  0.  0.  0.2 0.  0.2 0.  0.2 0.2 0.  0.2],1.3932399330199319,1.5644207041438323,0.0,0.0,0.0,0.0,0.20000000298023224,0.0,0.20000000298023224,0.0,0.20000000298023224,0.20000000298023224,0.0,0.20000000298023224,0.0
1309,2019-04-29,"[0.         0.16666666 0.         0.16666666 0.16666666 0.
 0.16666666 0.         0.16666666 0.16666666 0.         0.
 0.        ]",1.3495614757262404,1.550862086698855,0.1666666567325592,0.0,0.1666666567325592,0.1666666567325592,0.0,0.1666666567325592,0.0,0.1666666567325592,0.1666666567325592,0.0,0.0,0.0,0.0
1310,2019-04-30,"[0.         0.14285715 0.14285715 0.14285715 0.         0.14285715
 0.         0.         0.14285715 0.14285715 0.14285715 0.
 0.        ]",1.3573625984900513,1.558231458287427,0.1428571492433548,0.1428571492433548,0.1428571492433548,0.0,0.1428571492433548,0.0,0.0,0.1428571492433548,0.1428571492433548,0.1428571492433548,0.0,0.0,0.0
1311,2019-05-01,"[0.         0.16666666 0.16666666 0.16666666 0.         0.
 0.         0.16666666 0.         0.16666666 0.         0.16666666
 0.        ]",1.3626271319299579,1.5647534117570217,0.1666666567325592,0.1666666567325592,0.1666666567325592,0.0,0.0,0.0,0.1666666567325592,0.0,0.1666666567325592,0.0,0.1666666567325592,0.0,0.0
1312,2019-05-02,"[0.        0.        0.        0.3333333 0.3333333 0.        0.
 0.        0.        0.        0.        0.3333333 0.       ]",1.3697930513640322,1.5775650372668062,0.0,0.0,0.3333333134651184,0.3333333134651184,0.0,0.0,0.0,0.0,0.0,0.0,0.3333333134651184,0.0,0.0
1313,2019-05-03,[0.  0.  0.2 0.2 0.  0.  0.  0.2 0.  0.2 0.  0.2 0. ],1.339887038350581,1.559937541613401,0.0,0.20000000298023224,0.20000000298023224,0.0,0.0,0.0,0.20000000298023224,0.0,0.20000000298023224,0.0,0.20000000298023224,0.0,0.0
1314,2019-05-06,[0.  0.2 0.  0.2 0.2 0.  0.  0.2 0.  0.  0.2 0.  0. ],1.37225827821392,1.5831526987799591,0.20000000298023224,0.0,0.20000000298023224,0.20000000298023224,0.0,0.0,0.20000000298023224,0.0,0.0,0.20000000298023224,0.0,0.0,0.0
1315,2019-05-07,[0.  0.  0.5 0.  0.  0.  0.  0.  0.  0.  0.  0.5 0. ],1.3511301735204326,1.5596118120125555,0.0,0.5,0.0,0.0,0.0,0.0,0.0,0.0,0.0,0.0,0.5,0.0,0.0
1316,2019-05-08,"[0.         0.16666666 0.16666666 0.         0.16666666 0.
 0.16666666 0.         0.         0.         0.         0.16666666
 0.16666666]",1.3234345291082712,1.5637516998713556,0.1666666567325592,0.1666666567325592,0.0,0.1666666567325592,0.0,0.1666666567325592,0.0,0.0,0.0,0.0,0.1666666567325592,0.1666666567325592,0.0
1317,2019-05-09,"[0.        0.        0.1111111 0.1111111 0.1111111 0.1111111 0.1111111
 0.1111111 0.1111111 0.1111111 0.        0.        0.1111111]",1.3127163264695871,1.5490541928291337,0.0,0.1111111044883728,0.1111111044883728,0.1111111044883728,0.1111111044883728,0.1111111044883728,0.1111111044883728,0.1111111044883728,0.1111111044883728,0.0,0.0,0.1111111044883728,0.0
1318,2019-05-10,"[0.    0.125 0.    0.125 0.125 0.    0.    0.125 0.125 0.    0.125 0.125
 0.125]",1.289335566240612,1.5291155064095225,0.125,0.0,0.125,0.125,0.0,0.0,0.125,0.125,0.0,0.125,0.125,0.125,0.0
1319,2019-05-13,[0.  0.2 0.  0.2 0.2 0.  0.2 0.  0.  0.  0.2 0.  0. ],1.2902050327442474,1.5273224028432675,0.20000000298023224,0.0,0.20000000298023224,0.20000000298023224,0.0,0.20000000298023224,0.0,0.0,0.0,0.20000000298023224,0.0,0.0,0.0
1320,2019-05-14,[0.  0.2 0.2 0.  0.  0.  0.2 0.2 0.2 0.  0.  0.  0. ],1.2719441828734963,1.5050395086354478,0.20000000298023224,0.20000000298023224,0.0,0.0,0.0,0.20000000298023224,0.20000000298023224,0.20000000298023224,0.0,0.0,0.0,0.0,0.0
1321,2019-05-15,"[0.        0.1111111 0.1111111 0.1111111 0.1111111 0.1111111 0.
 0.        0.1111111 0.1111111 0.        0.1111111 0.1111111]",1.263579526222378,1.4852218290122976,0.1111111044883728,0.1111111044883728,0.1111111044883728,0.1111111044883728,0.1111111044883728,0.0,0.0,0.1111111044883728,0.1111111044883728,0.0,0.1111111044883728,0.1111111044883728,0.0
1322,2019-05-16,"[0.        0.1111111 0.1111111 0.1111111 0.        0.1111111 0.1111111
 0.        0.1111111 0.        0.1111111 0.1111111 0.1111111]",1.2649429747192509,1.4854744587121018,0.1111111044883728,0.1111111044883728,0.1111111044883728,0.0,0.1111111044883728,0.1111111044883728,0.0,0.1111111044883728,0.0,0.1111111044883728,0.1111111044883728,0.1111111044883728,0.0
1323,2019-05-17,[0.  0.  0.2 0.  0.  0.2 0.  0.2 0.  0.  0.  0.2 0.2],1.267798881066233,1.490499738791792,0.0,0.20000000298023224,0.0,0.0,0.20000000298023224,0.0,0.20000000298023224,0.0,0.0,0.0,0.20000000298023224,0.20000000298023224,0.0
1324,2019-05-20,"[0.         0.14285715 0.14285715 0.         0.         0.14285715
 0.         0.14285715 0.         0.14285715 0.14285715 0.
 0.14285715]",1.25987555617874,1.4797342404184377,0.1428571492433548,0.1428571492433548,0.0,0.0,0.1428571492433548,0.0,0.1428571492433548,0.0,0.1428571492433548,0.1428571492433548,0.0,0.1428571492433548,0.0
1325,2019-05-21,"[0.        0.        0.1111111 0.1111111 0.1111111 0.1111111 0.1111111
 0.        0.1111111 0.1111111 0.1111111 0.        0.1111111]",1.2405577774761112,1.4645342768806822,0.0,0.1111111044883728,0.1111111044883728,0.1111111044883728,0.1111111044883728,0.1111111044883728,0.0,0.1111111044883728,0.1111111044883728,0.1111111044883728,0.0,0.1111111044883728,0.0
1326,2019-05-22,"[0.         0.14285715 0.14285715 0.14285715 0.         0.14285715
 0.         0.14285715 0.14285715 0.14285715 0.         0.
 0.        ]",1.2594070196999416,1.4941228613660293,0.1428571492433548,0.1428571492433548,0.1428571492433548,0.0,0.1428571492433548,0.0,0.1428571492433548,0.1428571492433548,0.1428571492433548,0.0,0.0,0.0,0.0
1327,2019-05-23,"[0.    0.125 0.125 0.125 0.125 0.125 0.125 0.125 0.    0.125 0.    0.
 0.   ]",1.2624312591390952,1.485579349947635,0.125,0.125,0.125,0.125,0.125,0.125,0.125,0.0,0.125,0.0,0.0,0.0,0.0
1328,2019-05-24,"[0.         0.16666666 0.16666666 0.         0.         0.16666666
 0.         0.16666666 0.         0.         0.16666666 0.
 0.16666666]",1.2454372767985074,1.4760612542535136,0.1666666567325592,0.1666666567325592,0.0,0.0,0.1666666567325592,0.0,0.1666666567325592,0.0,0.0,0.1666666567325592,0.0,0.1666666567325592,0.0
1329,2019-05-28,[0.  0.  0.  0.  0.  0.  0.2 0.2 0.2 0.2 0.  0.2 0. ],1.2532615826379436,1.4829166477286526,0.0,0.0,0.0,0.0,0.0,0.20000000298023224,0.20000000298023224,0.20000000298023224,0.20000000298023224,0.0,0.20000000298023224,0.0,0.0
1330,2019-05-29,[0.  0.2 0.  0.2 0.2 0.  0.  0.  0.  0.  0.2 0.2 0. ],1.282379256703757,1.4913893974099892,0.20000000298023224,0.0,0.20000000298023224,0.20000000298023224,0.0,0.0,0.0,0.0,0.0,0.20000000298023224,0.20000000298023224,0.0,0.0
1331,2019-05-30,"[0.         0.16666666 0.         0.         0.16666666 0.
 0.16666666 0.         0.16666666 0.         0.16666666 0.16666666
 0.        ]",1.2551401499948227,1.4594503317314955,0.1666666567325592,0.0,0.0,0.1666666567325592,0.0,0.1666666567325592,0.0,0.1666666567325592,0.0,0.1666666567325592,0.1666666567325592,0.0,0.0
1332,2019-05-31,[0.   0.   0.   0.25 0.   0.25 0.25 0.   0.25 0.   0.   0.   0.  ],1.2590269854267186,1.471053806370029,0.0,0.0,0.25,0.0,0.25,0.25,0.0,0.25,0.0,0.0,0.0,0.0,0.0
1333,2019-06-03,"[0.        0.        0.        0.3333333 0.        0.        0.
 0.3333333 0.        0.3333333 0.        0.        0.       ]",1.2485023573263005,1.4495984749184843,0.0,0.0,0.3333333134651184,0.0,0.0,0.0,0.3333333134651184,0.0,0.3333333134651184,0.0,0.0,0.0,0.0
1334,2019-06-04,"[0.    0.    0.125 0.    0.    0.125 0.125 0.125 0.125 0.125 0.125 0.125
 0.   ]",1.2487248356766523,1.446863929049605,0.0,0.125,0.0,0.0,0.125,0.125,0.125,0.125,0.125,0.125,0.125,0.0,0.0
1335,2019-06-05,[0.  0.  0.  0.2 0.  0.  0.  0.2 0.2 0.2 0.  0.2 0. ],1.2547178676748547,1.4620349027250483,0.0,0.0,0.20000000298023224,0.0,0.0,0.0,0.20000000298023224,0.20000000298023224,0.20000000298023224,0.0,0.20000000298023224,0.0,0.0
1336,2019-06-06,[0.   0.25 0.25 0.25 0.   0.   0.   0.   0.25 0.   0.   0.   0.  ],1.2730057037337894,1.488068613515393,0.25,0.25,0.25,0.0,0.0,0.0,0.0,0.25,0.0,0.0,0.0,0.0,0.0
1337,2019-06-07,[0.   0.25 0.25 0.   0.   0.   0.   0.25 0.   0.   0.   0.25 0.  ],1.2668345778121848,1.478496353738476,0.25,0.25,0.0,0.0,0.0,0.0,0.25,0.0,0.0,0.0,0.25,0.0,0.0
1338,2019-06-10,"[0.    0.    0.125 0.    0.125 0.    0.125 0.125 0.    0.125 0.125 0.125
 0.125]",1.2797395653945531,1.4870168153309467,0.0,0.125,0.0,0.125,0.0,0.125,0.125,0.0,0.125,0.125,0.125,0.125,0.0
1339,2019-06-11,"[0.         0.         0.         0.         0.16666666 0.
 0.         0.16666666 0.16666666 0.16666666 0.         0.16666666
 0.16666666]",1.289032057482141,1.4967330698802583,0.0,0.0,0.0,0.1666666567325592,0.0,0.0,0.1666666567325592,0.1666666567325592,0.1666666567325592,0.0,0.1666666567325592,0.1666666567325592,0.0
1340,2019-06-12,[0.  0.2 0.2 0.  0.  0.  0.  0.2 0.  0.2 0.  0.  0.2],1.3152036279004833,1.5172265533137677,0.20000000298023224,0.20000000298023224,0.0,0.0,0.0,0.0,0.20000000298023224,0.0,0.20000000298023224,0.0,0.0,0.20000000298023224,0.0
1341,2019-06-13,[0.  0.2 0.2 0.2 0.  0.  0.2 0.  0.  0.  0.  0.2 0. ],1.3048947545169487,1.513091730713481,0.20000000298023224,0.20000000298023224,0.20000000298023224,0.0,0.0,0.20000000298023224,0.0,0.0,0.0,0.0,0.20000000298023224,0.0,0.0
1342,2019-06-14,"[0.         0.16666666 0.         0.         0.         0.
 0.16666666 0.         0.16666666 0.         0.16666666 0.16666666
 0.16666666]",1.2996968598963974,1.513321269254606,0.1666666567325592,0.0,0.0,0.0,0.0,0.1666666567325592,0.0,0.1666666567325592,0.0,0.1666666567325592,0.1666666567325592,0.1666666567325592,0.0
1343,2019-06-17,[0.  0.  0.  0.1 0.1 0.1 0.1 0.1 0.1 0.1 0.1 0.1 0.1],1.292193338864543,1.5066488800752265,0.0,0.0,0.10000000149011612,0.10000000149011612,0.10000000149011612,0.10000000149011612,0.10000000149011612,0.10000000149011612,0.10000000149011612,0.10000000149011612,0.10000000149011612,0.10000000149011612,0.0
1344,2019-06-18,"[0.    0.    0.125 0.125 0.125 0.125 0.125 0.    0.125 0.    0.125 0.125
 0.   ]",1.2935003987235227,1.5085745921655658,0.0,0.125,0.125,0.125,0.125,0.125,0.0,0.125,0.0,0.125,0.125,0.0,0.0
1345,2019-06-19,[0.   0.25 0.   0.   0.25 0.25 0.   0.   0.   0.   0.   0.   0.25],1.303567997999659,1.5164874436649771,0.25,0.0,0.0,0.25,0.25,0.0,0.0,0.0,0.0,0.0,0.0,0.25,0.0
1346,2019-06-20,[0.  0.2 0.2 0.2 0.  0.2 0.  0.  0.  0.  0.  0.2 0. ],1.328973371959328,1.5466388399747721,0.20000000298023224,0.20000000298023224,0.20000000298023224,0.0,0.20000000298023224,0.0,0.0,0.0,0.0,0.0,0.20000000298023224,0.0,0.0
1347,2019-06-21,[0.   0.   0.   0.25 0.25 0.   0.   0.   0.   0.   0.25 0.   0.25],1.3268734621317895,1.557045163277463,0.0,0.0,0.25,0.25,0.0,0.0,0.0,0.0,0.0,0.25,0.0,0.25,0.0
1348,2019-06-24,"[0.        0.        0.        0.3333333 0.        0.        0.
 0.        0.        0.3333333 0.3333333 0.        0.       ]",1.3120997534826493,1.5416918287960717,0.0,0.0,0.3333333134651184,0.0,0.0,0.0,0.0,0.0,0.3333333134651184,0.3333333134651184,0.0,0.0,0.0
1349,2019-06-25,[0.  0.2 0.  0.2 0.  0.  0.  0.  0.2 0.2 0.  0.2 0. ],1.3123527026274062,1.5491375168067112,0.20000000298023224,0.0,0.20000000298023224,0.0,0.0,0.0,0.0,0.20000000298023224,0.20000000298023224,0.0,0.20000000298023224,0.0,0.0
1350,2019-06-26,[0.  0.  0.2 0.2 0.2 0.  0.  0.  0.  0.2 0.2 0.  0. ],1.2895946664203788,1.5392811228697243,0.0,0.20000000298023224,0.20000000298023224,0.20000000298023224,0.0,0.0,0.0,0.0,0.20000000298023224,0.20000000298023224,0.0,0.0,0.0
1351,2019-06-27,"[0.         0.14285715 0.14285715 0.14285715 0.         0.
 0.14285715 0.         0.         0.14285715 0.14285715 0.14285715
 0.        ]",1.2915583400179547,1.5353490079427916,0.1428571492433548,0.1428571492433548,0.1428571492433548,0.0,0.0,0.1428571492433548,0.0,0.0,0.1428571492433548,0.1428571492433548,0.1428571492433548,0.0,0.0
1352,2019-06-28,[0.  0.2 0.2 0.2 0.  0.2 0.  0.  0.2 0.  0.  0.  0. ],1.2948432818244104,1.5336598317952157,0.20000000298023224,0.20000000298023224,0.20000000298023224,0.0,0.20000000298023224,0.0,0.0,0.20000000298023224,0.0,0.0,0.0,0.0,0.0
1353,2019-07-01,"[0.         0.         0.         0.14285715 0.         0.
 0.14285715 0.14285715 0.14285715 0.14285715 0.         0.14285715
 0.14285715]",1.3171856186150115,1.5451478209726974,0.0,0.0,0.1428571492433548,0.0,0.0,0.1428571492433548,0.1428571492433548,0.1428571492433548,0.1428571492433548,0.0,0.1428571492433548,0.1428571492433548,0.0
1354,2019-07-02,"[0.        0.1111111 0.        0.1111111 0.1111111 0.        0.1111111
 0.1111111 0.1111111 0.1111111 0.1111111 0.1111111 0.       ]",1.327174986264066,1.5630463724606336,0.1111111044883728,0.0,0.1111111044883728,0.1111111044883728,0.0,0.1111111044883728,0.1111111044883728,0.1111111044883728,0.1111111044883728,0.1111111044883728,0.1111111044883728,0.0,0.0
1355,2019-07-03,"[0.         0.         0.         0.14285715 0.14285715 0.14285715
 0.14285715 0.         0.14285715 0.14285715 0.14285715 0.
 0.        ]",1.326192098373243,1.5619109853323594,0.0,0.0,0.1428571492433548,0.1428571492433548,0.1428571492433548,0.1428571492433548,0.0,0.1428571492433548,0.1428571492433548,0.1428571492433548,0.0,0.0,0.0
1356,2019-07-05,"[0.         0.14285715 0.         0.         0.14285715 0.14285715
 0.14285715 0.14285715 0.14285715 0.         0.         0.14285715
 0.        ]",1.3255329683423818,1.5593842456703413,0.1428571492433548,0.0,0.0,0.1428571492433548,0.1428571492433548,0.1428571492433548,0.1428571492433548,0.1428571492433548,0.0,0.0,0.1428571492433548,0.0,0.0
1357,2019-07-08,"[0.         0.16666666 0.16666666 0.         0.         0.16666666
 0.         0.         0.         0.16666666 0.16666666 0.16666666
 0.        ]",1.335466206687126,1.564666306794226,0.1666666567325592,0.1666666567325592,0.0,0.0,0.1666666567325592,0.0,0.0,0.0,0.1666666567325592,0.1666666567325592,0.1666666567325592,0.0,0.0
1358,2019-07-09,"[0.    0.125 0.125 0.125 0.125 0.125 0.    0.125 0.    0.    0.    0.125
 0.125]",1.3244892508861712,1.5557217567230983,0.125,0.125,0.125,0.125,0.125,0.0,0.125,0.0,0.0,0.0,0.125,0.125,0.0
1359,2019-07-10,"[0.    0.125 0.125 0.125 0.125 0.125 0.    0.125 0.    0.125 0.125 0.
 0.   ]",1.3134292816962962,1.5483886954687909,0.125,0.125,0.125,0.125,0.125,0.0,0.125,0.0,0.125,0.125,0.0,0.0,0.0
1360,2019-07-11,"[0.         0.16666666 0.         0.         0.         0.16666666
 0.16666666 0.         0.         0.         0.16666666 0.16666666
 0.16666666]",1.3302557893980267,1.5684605368926583,0.1666666567325592,0.0,0.0,0.0,0.1666666567325592,0.1666666567325592,0.0,0.0,0.0,0.1666666567325592,0.1666666567325592,0.1666666567325592,0.0
1361,2019-07-12,"[0.         0.         0.14285715 0.         0.14285715 0.14285715
 0.         0.14285715 0.14285715 0.14285715 0.         0.14285715
 0.        ]",1.3250232921054494,1.5650498613615915,0.0,0.1428571492433548,0.0,0.1428571492433548,0.1428571492433548,0.0,0.1428571492433548,0.1428571492433548,0.1428571492433548,0.0,0.1428571492433548,0.0,0.0
1362,2019-07-15,"[0.        0.        0.3333333 0.        0.        0.        0.3333333
 0.        0.        0.        0.3333333 0.        0.       ]",1.3309577762810172,1.5697380636861937,0.0,0.3333333134651184,0.0,0.0,0.0,0.3333333134651184,0.0,0.0,0.0,0.3333333134651184,0.0,0.0,0.0
1363,2019-07-16,"[0.         0.14285715 0.         0.         0.         0.14285715
 0.14285715 0.14285715 0.         0.14285715 0.         0.14285715
 0.14285715]",1.3301579449253904,1.5643295202514502,0.1428571492433548,0.0,0.0,0.0,0.1428571492433548,0.1428571492433548,0.1428571492433548,0.0,0.1428571492433548,0.0,0.1428571492433548,0.1428571492433548,0.0
1364,2019-07-17,"[0.         0.         0.16666666 0.16666666 0.16666666 0.16666666
 0.         0.         0.         0.16666666 0.         0.16666666
 0.        ]",1.3290568706596977,1.55648784175109,0.0,0.1666666567325592,0.1666666567325592,0.1666666567325592,0.1666666567325592,0.0,0.0,0.0,0.1666666567325592,0.0,0.1666666567325592,0.0,0.0
1365,2019-07-18,[0.  0.  0.1 0.1 0.  0.1 0.1 0.1 0.1 0.1 0.1 0.1 0.1],1.3154504699219272,1.5508907422941245,0.0,0.10000000149011612,0.10000000149011612,0.0,0.10000000149011612,0.10000000149011612,0.10000000149011612,0.10000000149011612,0.10000000149011612,0.10000000149011612,0.10000000149011612,0.10000000149011612,0.0
1366,2019-07-19,"[0.        0.        0.1111111 0.        0.1111111 0.1111111 0.1111111
 0.1111111 0.1111111 0.1111111 0.        0.1111111 0.1111111]",1.312704686964912,1.5471767052772882,0.0,0.1111111044883728,0.0,0.1111111044883728,0.1111111044883728,0.1111111044883728,0.1111111044883728,0.1111111044883728,0.1111111044883728,0.0,0.1111111044883728,0.1111111044883728,0.0
1367,2019-07-22,[0.   0.   0.25 0.25 0.   0.25 0.   0.   0.   0.25 0.   0.   0.  ],1.3163792358076123,1.5562918676835427,0.0,0.25,0.25,0.0,0.25,0.0,0.0,0.0,0.25,0.0,0.0,0.0,0.0
1368,2019-07-23,"[0.         0.         0.         0.14285715 0.14285715 0.14285715
 0.14285715 0.         0.         0.14285715 0.14285715 0.14285715
 0.        ]",1.309664158437058,1.549188583543243,0.0,0.0,0.1428571492433548,0.1428571492433548,0.1428571492433548,0.1428571492433548,0.0,0.0,0.1428571492433548,0.1428571492433548,0.1428571492433548,0.0,0.0
1369,2019-07-24,[0.  0.  0.2 0.  0.2 0.  0.  0.2 0.  0.  0.  0.2 0.2],1.313216920632878,1.555500095569753,0.0,0.20000000298023224,0.0,0.20000000298023224,0.0,0.0,0.20000000298023224,0.0,0.0,0.0,0.20000000298023224,0.20000000298023224,0.0
1370,2019-07-25,[0.  0.  0.2 0.2 0.2 0.  0.  0.  0.  0.  0.2 0.2 0. ],1.3301988697317757,1.5680286727363146,0.0,0.20000000298023224,0.20000000298023224,0.20000000298023224,0.0,0.0,0.0,0.0,0.0,0.20000000298023224,0.20000000298023224,0.0,0.0
1371,2019-07-26,"[0.         0.         0.         0.16666666 0.16666666 0.16666666
 0.         0.16666666 0.         0.         0.16666666 0.16666666
 0.        ]",1.3507170980937917,1.5824045940986053,0.0,0.0,0.1666666567325592,0.1666666567325592,0.1666666567325592,0.0,0.1666666567325592,0.0,0.0,0.1666666567325592,0.1666666567325592,0.0,0.0
1372,2019-07-29,"[0.        0.        0.1111111 0.        0.1111111 0.1111111 0.
 0.1111111 0.1111111 0.1111111 0.1111111 0.1111111 0.1111111]",1.3596765189498663,1.594767846705481,0.0,0.1111111044883728,0.0,0.1111111044883728,0.1111111044883728,0.0,0.1111111044883728,0.1111111044883728,0.1111111044883728,0.1111111044883728,0.1111111044883728,0.1111111044883728,0.0
1373,2019-07-30,"[0.    0.    0.125 0.    0.125 0.125 0.    0.125 0.125 0.125 0.125 0.125
 0.   ]",1.3431011701395916,1.5804471295775568,0.0,0.125,0.0,0.125,0.125,0.0,0.125,0.125,0.125,0.125,0.125,0.0,0.0
1374,2019-07-31,"[0.    0.125 0.125 0.    0.125 0.125 0.    0.    0.125 0.    0.125 0.125
 0.125]",1.3375937732577539,1.5725725482553214,0.125,0.125,0.0,0.125,0.125,0.0,0.0,0.125,0.0,0.125,0.125,0.125,0.0
1375,2019-08-01,"[0.         0.16666666 0.16666666 0.16666666 0.         0.
 0.16666666 0.         0.         0.         0.         0.16666666
 0.16666666]",1.3335216653005326,1.571424890178807,0.1666666567325592,0.1666666567325592,0.1666666567325592,0.0,0.0,0.1666666567325592,0.0,0.0,0.0,0.0,0.1666666567325592,0.1666666567325592,0.0
1376,2019-08-02,[0.  0.2 0.2 0.  0.2 0.2 0.2 0.  0.  0.  0.  0.  0. ],1.3117465440955334,1.5506336023321146,0.20000000298023224,0.20000000298023224,0.0,0.20000000298023224,0.20000000298023224,0.20000000298023224,0.0,0.0,0.0,0.0,0.0,0.0,0.0
1377,2019-08-05,"[0.         0.         0.14285715 0.         0.14285715 0.14285715
 0.14285715 0.         0.14285715 0.         0.         0.14285715
 0.14285715]",1.2856873110897493,1.5375641062823182,0.0,0.1428571492433548,0.0,0.1428571492433548,0.1428571492433548,0.1428571492433548,0.0,0.1428571492433548,0.0,0.0,0.1428571492433548,0.1428571492433548,0.0
1378,2019-08-06,[0.  0.1 0.1 0.1 0.1 0.  0.1 0.1 0.1 0.1 0.  0.1 0.1],1.2665827887093102,1.513173266235107,0.10000000149011612,0.10000000149011612,0.10000000149011612,0.10000000149011612,0.0,0.10000000149011612,0.10000000149011612,0.10000000149011612,0.10000000149011612,0.0,0.10000000149011612,0.10000000149011612,0.0
1379,2019-08-07,[0.  0.2 0.  0.2 0.  0.  0.  0.2 0.  0.2 0.  0.  0.2],1.2435549058138171,1.4917759699896596,0.20000000298023224,0.0,0.20000000298023224,0.0,0.0,0.0,0.20000000298023224,0.0,0.20000000298023224,0.0,0.0,0.20000000298023224,0.0
1380,2019-08-08,"[0.    0.125 0.    0.125 0.125 0.125 0.125 0.125 0.    0.    0.125 0.
 0.125]",1.2255483326506613,1.4700064397221,0.125,0.0,0.125,0.125,0.125,0.125,0.125,0.0,0.0,0.125,0.0,0.125,0.0
1381,2019-08-09,"[0.    0.125 0.    0.125 0.    0.    0.125 0.125 0.125 0.    0.125 0.125
 0.125]",1.2447681256946903,1.491874199793803,0.125,0.0,0.125,0.0,0.0,0.125,0.125,0.125,0.0,0.125,0.125,0.125,0.0
1382,2019-08-12,"[0.         0.14285715 0.14285715 0.         0.14285715 0.14285715
 0.14285715 0.         0.14285715 0.         0.         0.14285715
 0.        ]",1.2414288097274666,1.4929099529282865,0.1428571492433548,0.1428571492433548,0.0,0.1428571492433548,0.1428571492433548,0.1428571492433548,0.0,0.1428571492433548,0.0,0.0,0.1428571492433548,0.0,0.0
1383,2019-08-13,"[0.         0.         0.         0.         0.16666666 0.
 0.16666666 0.16666666 0.16666666 0.         0.16666666 0.16666666
 0.        ]",1.2262651743623905,1.4708785360444112,0.0,0.0,0.0,0.1666666567325592,0.0,0.1666666567325592,0.1666666567325592,0.1666666567325592,0.0,0.1666666567325592,0.1666666567325592,0.0,0.0
1384,2019-08-14,"[0.         0.         0.14285715 0.14285715 0.14285715 0.
 0.         0.14285715 0.         0.         0.14285715 0.14285715
 0.14285715]",1.2100460686269658,1.4537116569640502,0.0,0.1428571492433548,0.1428571492433548,0.1428571492433548,0.0,0.0,0.1428571492433548,0.0,0.0,0.1428571492433548,0.1428571492433548,0.1428571492433548,0.0
1385,2019-08-15,"[0.    0.125 0.    0.125 0.    0.125 0.125 0.    0.125 0.    0.125 0.125
 0.125]",1.2108368142183925,1.4535381759548838,0.125,0.0,0.125,0.0,0.125,0.125,0.0,0.125,0.0,0.125,0.125,0.125,0.0
1386,2019-08-16,"[0.        0.        0.3333333 0.        0.        0.        0.
 0.        0.        0.3333333 0.3333333 0.        0.       ]",1.1933353831537372,1.4352040266988795,0.0,0.3333333134651184,0.0,0.0,0.0,0.0,0.0,0.0,0.3333333134651184,0.3333333134651184,0.0,0.0,0.0
1387,2019-08-19,[0.  0.5 0.  0.  0.  0.5 0.  0.  0.  0.  0.  0.  0. ],1.2052558147709749,1.4374976375536832,0.5,0.0,0.0,0.0,0.5,0.0,0.0,0.0,0.0,0.0,0.0,0.0,0.0
1388,2019-08-20,[0.   0.   0.   0.25 0.   0.   0.25 0.   0.   0.   0.25 0.25 0.  ],1.2361548887562601,1.4772180079248947,0.0,0.0,0.25,0.0,0.0,0.25,0.0,0.0,0.0,0.25,0.25,0.0,0.0
1389,2019-08-21,"[0.         0.14285715 0.         0.14285715 0.14285715 0.14285715
 0.         0.14285715 0.         0.14285715 0.14285715 0.
 0.        ]",1.2295023505663054,1.4692238330140974,0.1428571492433548,0.0,0.1428571492433548,0.1428571492433548,0.1428571492433548,0.0,0.1428571492433548,0.0,0.1428571492433548,0.1428571492433548,0.0,0.0,0.0
1390,2019-08-22,"[0.    0.    0.    0.125 0.125 0.125 0.    0.125 0.125 0.125 0.125 0.
 0.125]",1.2270828056333427,1.469958849359054,0.0,0.0,0.125,0.125,0.125,0.0,0.125,0.125,0.125,0.125,0.0,0.125,0.0
1391,2019-08-23,"[0.         0.14285715 0.14285715 0.         0.         0.
 0.         0.14285715 0.14285715 0.14285715 0.14285715 0.14285715
 0.        ]",1.2291459834333067,1.4710033530620121,0.1428571492433548,0.1428571492433548,0.0,0.0,0.0,0.0,0.1428571492433548,0.1428571492433548,0.1428571492433548,0.1428571492433548,0.1428571492433548,0.0,0.0
1392,2019-08-26,"[0.    0.125 0.125 0.125 0.125 0.125 0.125 0.125 0.    0.    0.    0.
 0.125]",1.223531114677114,1.464134157826673,0.125,0.125,0.125,0.125,0.125,0.125,0.125,0.0,0.0,0.0,0.0,0.125,0.0
1393,2019-08-27,[0.   0.   0.25 0.   0.25 0.25 0.   0.   0.   0.25 0.   0.   0.  ],1.1985172795093844,1.4372671281546758,0.0,0.25,0.0,0.25,0.25,0.0,0.0,0.0,0.25,0.0,0.0,0.0,0.0
1394,2019-08-28,"[0.    0.125 0.125 0.125 0.125 0.125 0.125 0.    0.    0.125 0.    0.125
 0.   ]",1.2091581928619812,1.449254085957339,0.125,0.125,0.125,0.125,0.125,0.125,0.0,0.0,0.125,0.0,0.125,0.0,0.0
1395,2019-08-29,"[0.         0.         0.14285715 0.14285715 0.         0.
 0.14285715 0.         0.14285715 0.         0.14285715 0.14285715
 0.14285715]",1.1773449783277177,1.418280469195959,0.0,0.1428571492433548,0.1428571492433548,0.0,0.0,0.1428571492433548,0.0,0.1428571492433548,0.0,0.1428571492433548,0.1428571492433548,0.1428571492433548,0.0
1396,2019-08-30,"[0.         0.         0.14285715 0.         0.14285715 0.
 0.         0.14285715 0.14285715 0.14285715 0.14285715 0.14285715
 0.        ]",1.1989866623145087,1.447080411685634,0.0,0.1428571492433548,0.0,0.1428571492433548,0.0,0.0,0.1428571492433548,0.1428571492433548,0.1428571492433548,0.1428571492433548,0.1428571492433548,0.0,0.0
1397,2019-09-03,"[0.         0.14285715 0.14285715 0.         0.         0.
 0.14285715 0.14285715 0.14285715 0.         0.14285715 0.14285715
 0.        ]",1.2013209892545595,1.4550272241249387,0.1428571492433548,0.1428571492433548,0.0,0.0,0.0,0.1428571492433548,0.1428571492433548,0.1428571492433548,0.0,0.1428571492433548,0.1428571492433548,0.0,0.0
1398,2019-09-04,"[0.         0.16666666 0.16666666 0.16666666 0.         0.
 0.         0.         0.16666666 0.         0.16666666 0.16666666
 0.        ]",1.1976109889583917,1.4479718261134407,0.1666666567325592,0.1666666567325592,0.1666666567325592,0.0,0.0,0.0,0.0,0.1666666567325592,0.0,0.1666666567325592,0.1666666567325592,0.0,0.0
1399,2019-09-05,"[0.         0.         0.16666666 0.16666666 0.         0.16666666
 0.16666666 0.         0.         0.16666666 0.         0.
 0.16666666]",1.184271046611806,1.4467631001566443,0.0,0.1666666567325592,0.1666666567325592,0.0,0.1666666567325592,0.1666666567325592,0.0,0.0,0.1666666567325592,0.0,0.0,0.1666666567325592,0.0
1400,2019-09-06,"[0.         0.16666666 0.         0.         0.         0.
 0.16666666 0.         0.         0.16666666 0.16666666 0.16666666
 0.16666666]",1.2061686819549948,1.473198102058219,0.1666666567325592,0.0,0.0,0.0,0.0,0.1666666567325592,0.0,0.0,0.1666666567325592,0.1666666567325592,0.1666666567325592,0.1666666567325592,0.0
1401,2019-09-09,[0.   0.   0.   0.   0.   0.25 0.   0.25 0.25 0.   0.25 0.   0.  ],1.2074477357714783,1.4801612406393432,0.0,0.0,0.0,0.0,0.25,0.0,0.25,0.25,0.0,0.25,0.0,0.0,0.0
1402,2019-09-10,"[0.        0.1111111 0.1111111 0.1111111 0.1111111 0.1111111 0.1111111
 0.        0.1111111 0.1111111 0.        0.1111111 0.       ]",1.2127100847147447,1.4714804197170175,0.1111111044883728,0.1111111044883728,0.1111111044883728,0.1111111044883728,0.1111111044883728,0.1111111044883728,0.0,0.1111111044883728,0.1111111044883728,0.0,0.1111111044883728,0.0,0.0
1403,2019-09-11,"[0.    0.125 0.    0.125 0.125 0.    0.125 0.    0.    0.125 0.125 0.125
 0.125]",1.2254917022548355,1.4770579058179198,0.125,0.0,0.125,0.125,0.0,0.125,0.0,0.0,0.125,0.125,0.125,0.125,0.0
1404,2019-09-12,[0.   0.   0.   0.   0.   0.25 0.   0.   0.25 0.   0.25 0.25 0.  ],1.24204535964874,1.4946466691803095,0.0,0.0,0.0,0.0,0.25,0.0,0.0,0.25,0.0,0.25,0.25,0.0,0.0
1405,2019-09-13,"[0.         0.         0.14285715 0.14285715 0.         0.
 0.14285715 0.14285715 0.         0.14285715 0.         0.14285715
 0.14285715]",1.2597402848075616,1.5103385526993776,0.0,0.1428571492433548,0.1428571492433548,0.0,0.0,0.1428571492433548,0.1428571492433548,0.0,0.1428571492433548,0.0,0.1428571492433548,0.1428571492433548,0.0
1406,2019-09-16,"[0.         0.16666666 0.16666666 0.         0.         0.
 0.16666666 0.         0.16666666 0.         0.16666666 0.16666666
 0.        ]",1.2510769026054613,1.5122790457603466,0.1666666567325592,0.1666666567325592,0.0,0.0,0.0,0.1666666567325592,0.0,0.1666666567325592,0.0,0.1666666567325592,0.1666666567325592,0.0,0.0
1407,2019-09-17,"[0.         0.         0.         0.         0.14285715 0.14285715
 0.14285715 0.         0.14285715 0.14285715 0.14285715 0.14285715
 0.        ]",1.2387841919718166,1.4925324607829749,0.0,0.0,0.0,0.1428571492433548,0.1428571492433548,0.1428571492433548,0.0,0.1428571492433548,0.1428571492433548,0.1428571492433548,0.1428571492433548,0.0,0.0
1408,2019-09-18,"[0.    0.125 0.125 0.125 0.    0.    0.125 0.    0.125 0.    0.125 0.125
 0.125]",1.2449748642643432,1.4962059028022114,0.125,0.125,0.125,0.0,0.0,0.125,0.0,0.125,0.0,0.125,0.125,0.125,0.0
1409,2019-09-19,"[0.         0.         0.16666666 0.16666666 0.16666666 0.
 0.         0.         0.16666666 0.16666666 0.16666666 0.
 0.        ]",1.2324849870961818,1.4852339682006799,0.0,0.1666666567325592,0.1666666567325592,0.1666666567325592,0.0,0.0,0.0,0.1666666567325592,0.1666666567325592,0.1666666567325592,0.0,0.0,0.0
1410,2019-09-20,"[0.         0.         0.         0.14285715 0.         0.
 0.14285715 0.14285715 0.14285715 0.14285715 0.         0.14285715
 0.14285715]",1.2384967708980086,1.4902901542711606,0.0,0.0,0.1428571492433548,0.0,0.0,0.1428571492433548,0.1428571492433548,0.1428571492433548,0.1428571492433548,0.0,0.1428571492433548,0.1428571492433548,0.0
1411,2019-09-23,[0.   0.   0.25 0.   0.   0.25 0.25 0.   0.   0.25 0.   0.   0.  ],1.2376698522512974,1.485806770430084,0.0,0.25,0.0,0.0,0.25,0.25,0.0,0.0,0.25,0.0,0.0,0.0,0.0
1412,2019-09-24,"[0.         0.14285715 0.         0.         0.         0.14285715
 0.14285715 0.14285715 0.14285715 0.14285715 0.         0.14285715
 0.        ]",1.2237574148021744,1.4649119448907635,0.1428571492433548,0.0,0.0,0.0,0.1428571492433548,0.1428571492433548,0.1428571492433548,0.1428571492433548,0.1428571492433548,0.0,0.1428571492433548,0.0,0.0
1413,2019-09-25,[0.  0.2 0.2 0.  0.  0.  0.2 0.  0.2 0.2 0.  0.  0. ],1.2310605037951527,1.4780410106573831,0.20000000298023224,0.20000000298023224,0.0,0.0,0.0,0.20000000298023224,0.0,0.20000000298023224,0.20000000298023224,0.0,0.0,0.0,0.0
1414,2019-09-26,[0.   0.   0.   0.   0.25 0.   0.25 0.   0.   0.25 0.   0.   0.25],1.2109550588475944,1.4493138706586477,0.0,0.0,0.0,0.25,0.0,0.25,0.0,0.0,0.25,0.0,0.0,0.25,0.0
1415,2019-09-27,[0.   0.25 0.25 0.   0.   0.   0.25 0.   0.   0.   0.   0.   0.25],1.2332723570530162,1.4679732839135158,0.25,0.25,0.0,0.0,0.0,0.25,0.0,0.0,0.0,0.0,0.0,0.25,0.0
1416,2019-09-30,"[0.         0.         0.14285715 0.14285715 0.14285715 0.14285715
 0.14285715 0.         0.14285715 0.14285715 0.         0.
 0.        ]",1.2204182547175937,1.4587155388496824,0.0,0.1428571492433548,0.1428571492433548,0.1428571492433548,0.1428571492433548,0.1428571492433548,0.0,0.1428571492433548,0.1428571492433548,0.0,0.0,0.0,0.0
1417,2019-10-01,[0.  0.  0.2 0.  0.  0.  0.2 0.2 0.  0.2 0.  0.  0.2],1.2251052362328159,1.4644451419667177,0.0,0.20000000298023224,0.0,0.0,0.0,0.20000000298023224,0.20000000298023224,0.0,0.20000000298023224,0.0,0.0,0.20000000298023224,0.0
1418,2019-10-02,"[0.         0.         0.         0.         0.16666666 0.16666666
 0.16666666 0.         0.16666666 0.16666666 0.16666666 0.
 0.        ]",1.2379534391309206,1.4627697491233718,0.0,0.0,0.0,0.1666666567325592,0.1666666567325592,0.1666666567325592,0.0,0.1666666567325592,0.1666666567325592,0.1666666567325592,0.0,0.0,0.0
1419,2019-10-03,"[0.         0.14285715 0.         0.14285715 0.         0.14285715
 0.         0.14285715 0.14285715 0.14285715 0.         0.14285715
 0.        ]",1.2143097298635377,1.4237339446100592,0.1428571492433548,0.0,0.1428571492433548,0.0,0.1428571492433548,0.0,0.1428571492433548,0.1428571492433548,0.1428571492433548,0.0,0.1428571492433548,0.0,0.0
1420,2019-10-04,"[0.         0.14285715 0.14285715 0.14285715 0.14285715 0.
 0.14285715 0.         0.14285715 0.14285715 0.         0.
 0.        ]",1.2016883550426811,1.4130036369143897,0.1428571492433548,0.1428571492433548,0.1428571492433548,0.1428571492433548,0.0,0.1428571492433548,0.0,0.1428571492433548,0.1428571492433548,0.0,0.0,0.0,0.0
1421,2019-10-07,[0.   0.   0.   0.   0.   0.25 0.25 0.   0.25 0.   0.25 0.   0.  ],1.208314640639094,1.4203332684659238,0.0,0.0,0.0,0.0,0.25,0.25,0.0,0.25,0.0,0.25,0.0,0.0,0.0
1422,2019-10-08,[0.   0.25 0.   0.   0.   0.   0.   0.   0.   0.   0.25 0.25 0.25],1.2263212148671951,1.4314026556013728,0.25,0.0,0.0,0.0,0.0,0.0,0.0,0.0,0.0,0.25,0.25,0.25,0.0
1423,2019-10-09,"[0.         0.         0.16666666 0.16666666 0.         0.
 0.         0.16666666 0.16666666 0.16666666 0.16666666 0.
 0.        ]",1.2102044708400326,1.4174912138341713,0.0,0.1666666567325592,0.1666666567325592,0.0,0.0,0.0,0.1666666567325592,0.1666666567325592,0.1666666567325592,0.1666666567325592,0.0,0.0,0.0
1424,2019-10-10,"[0.         0.         0.         0.14285715 0.14285715 0.14285715
 0.14285715 0.14285715 0.         0.14285715 0.         0.14285715
 0.        ]",1.2047148881798577,1.4092601749909826,0.0,0.0,0.1428571492433548,0.1428571492433548,0.1428571492433548,0.1428571492433548,0.1428571492433548,0.0,0.1428571492433548,0.0,0.1428571492433548,0.0,0.0
1425,2019-10-11,[0.   0.25 0.   0.   0.   0.   0.25 0.25 0.   0.   0.   0.25 0.  ],1.2010284040594423,1.4093691723808723,0.25,0.0,0.0,0.0,0.0,0.25,0.25,0.0,0.0,0.0,0.25,0.0,0.0
1426,2019-10-14,[0.  0.2 0.  0.  0.  0.2 0.  0.  0.2 0.  0.2 0.2 0. ],1.2120114699416469,1.4348428093422427,0.20000000298023224,0.0,0.0,0.0,0.20000000298023224,0.0,0.0,0.20000000298023224,0.0,0.20000000298023224,0.20000000298023224,0.0,0.0
1427,2019-10-15,[0.  0.2 0.  0.  0.2 0.  0.  0.  0.2 0.2 0.  0.  0.2],1.2109791050852428,1.4296686393400175,0.20000000298023224,0.0,0.0,0.20000000298023224,0.0,0.0,0.0,0.20000000298023224,0.20000000298023224,0.0,0.0,0.20000000298023224,0.0
1428,2019-10-16,[0.  0.2 0.2 0.  0.  0.2 0.  0.  0.  0.  0.2 0.  0.2],1.21624967710808,1.4443013320335147,0.20000000298023224,0.20000000298023224,0.0,0.0,0.20000000298023224,0.0,0.0,0.0,0.0,0.20000000298023224,0.0,0.20000000298023224,0.0
1429,2019-10-17,[0.  0.  0.  0.2 0.  0.2 0.2 0.  0.2 0.  0.  0.  0.2],1.224502864946278,1.4498942369328796,0.0,0.0,0.20000000298023224,0.0,0.20000000298023224,0.20000000298023224,0.0,0.20000000298023224,0.0,0.0,0.0,0.20000000298023224,0.0
1430,2019-10-18,"[0.        0.        0.1111111 0.1111111 0.1111111 0.1111111 0.1111111
 0.        0.1111111 0.1111111 0.        0.1111111 0.1111111]",1.22612403384736,1.4540784249565546,0.0,0.1111111044883728,0.1111111044883728,0.1111111044883728,0.1111111044883728,0.1111111044883728,0.0,0.1111111044883728,0.1111111044883728,0.0,0.1111111044883728,0.1111111044883728,0.0
1431,2019-10-21,"[0.         0.         0.16666666 0.         0.         0.16666666
 0.         0.         0.16666666 0.         0.16666666 0.16666666
 0.16666666]",1.2140689285965138,1.443488912450636,0.0,0.1666666567325592,0.0,0.0,0.1666666567325592,0.0,0.0,0.1666666567325592,0.0,0.1666666567325592,0.1666666567325592,0.1666666567325592,0.0
1432,2019-10-22,"[0.        0.        0.        0.3333333 0.        0.        0.
 0.        0.3333333 0.        0.        0.        0.3333333]",1.219483317239014,1.4490176255898886,0.0,0.0,0.3333333134651184,0.0,0.0,0.0,0.0,0.3333333134651184,0.0,0.0,0.0,0.3333333134651184,0.0
1433,2019-10-23,"[0.    0.125 0.125 0.    0.125 0.125 0.    0.125 0.    0.    0.125 0.125
 0.125]",1.244767358153808,1.4577741784809246,0.125,0.125,0.0,0.125,0.125,0.0,0.125,0.0,0.0,0.125,0.125,0.125,0.0
1434,2019-10-24,"[0.         0.14285715 0.         0.14285715 0.         0.
 0.         0.         0.14285715 0.14285715 0.14285715 0.14285715
 0.14285715]",1.238887723434789,1.452417811464875,0.1428571492433548,0.0,0.1428571492433548,0.0,0.0,0.0,0.0,0.1428571492433548,0.1428571492433548,0.1428571492433548,0.1428571492433548,0.1428571492433548,0.0
1435,2019-10-25,"[0.         0.14285715 0.14285715 0.14285715 0.14285715 0.14285715
 0.14285715 0.14285715 0.         0.         0.         0.
 0.        ]",1.24857472987439,1.4631896070239803,0.1428571492433548,0.1428571492433548,0.1428571492433548,0.1428571492433548,0.1428571492433548,0.1428571492433548,0.1428571492433548,0.0,0.0,0.0,0.0,0.0,0.0
1436,2019-10-28,[0.  0.  0.2 0.2 0.  0.  0.  0.  0.2 0.2 0.2 0.  0. ],1.2369277824041975,1.4616514106432401,0.0,0.20000000298023224,0.20000000298023224,0.0,0.0,0.0,0.0,0.20000000298023224,0.20000000298023224,0.20000000298023224,0.0,0.0,0.0
1437,2019-10-29,"[0.         0.14285715 0.         0.         0.14285715 0.
 0.14285715 0.         0.14285715 0.14285715 0.14285715 0.14285715
 0.        ]",1.2667143070217013,1.4821660127383676,0.1428571492433548,0.0,0.0,0.1428571492433548,0.0,0.1428571492433548,0.0,0.1428571492433548,0.1428571492433548,0.1428571492433548,0.1428571492433548,0.0,0.0
1438,2019-10-30,"[0.         0.14285715 0.14285715 0.         0.14285715 0.
 0.14285715 0.         0.         0.         0.14285715 0.14285715
 0.14285715]",1.2672117720118192,1.486381813243378,0.1428571492433548,0.1428571492433548,0.0,0.1428571492433548,0.0,0.1428571492433548,0.0,0.0,0.0,0.1428571492433548,0.1428571492433548,0.1428571492433548,0.0
1439,2019-10-31,[0.  0.2 0.  0.  0.  0.  0.2 0.  0.2 0.2 0.2 0.  0. ],1.2794900313219488,1.4991081491091485,0.20000000298023224,0.0,0.0,0.0,0.0,0.20000000298023224,0.0,0.20000000298023224,0.20000000298023224,0.20000000298023224,0.0,0.0,0.0
1440,2019-11-01,"[0.        0.1111111 0.1111111 0.        0.1111111 0.1111111 0.1111111
 0.1111111 0.1111111 0.1111111 0.        0.1111111 0.       ]",1.2747291982694413,1.4906476214247155,0.1111111044883728,0.1111111044883728,0.0,0.1111111044883728,0.1111111044883728,0.1111111044883728,0.1111111044883728,0.1111111044883728,0.1111111044883728,0.0,0.1111111044883728,0.0,0.0
1441,2019-11-04,"[0.        0.3333333 0.        0.        0.        0.3333333 0.
 0.        0.        0.        0.3333333 0.        0.       ]",1.2768474419650118,1.4927611863665382,0.3333333134651184,0.0,0.0,0.0,0.3333333134651184,0.0,0.0,0.0,0.0,0.3333333134651184,0.0,0.0,0.0
1442,2019-11-05,"[0.         0.         0.         0.         0.16666666 0.16666666
 0.16666666 0.16666666 0.16666666 0.         0.         0.
 0.16666666]",1.3124546424420058,1.5124904374089498,0.0,0.0,0.0,0.1666666567325592,0.1666666567325592,0.1666666567325592,0.1666666567325592,0.1666666567325592,0.0,0.0,0.0,0.1666666567325592,0.0
1443,2019-11-06,[0.  0.  0.  0.  0.5 0.  0.  0.  0.5 0.  0.  0.  0. ],1.3055841894822575,1.5266537882662616,0.0,0.0,0.0,0.5,0.0,0.0,0.0,0.5,0.0,0.0,0.0,0.0,0.0
1444,2019-11-07,"[0.         0.         0.16666666 0.16666666 0.16666666 0.16666666
 0.         0.         0.16666666 0.         0.         0.
 0.16666666]",1.2997301134330874,1.5120036613164642,0.0,0.1666666567325592,0.1666666567325592,0.1666666567325592,0.1666666567325592,0.0,0.0,0.1666666567325592,0.0,0.0,0.0,0.1666666567325592,0.0
1445,2019-11-08,"[0.         0.16666666 0.16666666 0.         0.         0.
 0.16666666 0.         0.         0.16666666 0.16666666 0.
 0.16666666]",1.3059555665266989,1.5170042813765943,0.1666666567325592,0.1666666567325592,0.0,0.0,0.0,0.1666666567325592,0.0,0.0,0.1666666567325592,0.1666666567325592,0.0,0.1666666567325592,0.0
1446,2019-11-11,"[0.         0.14285715 0.         0.         0.14285715 0.14285715
 0.         0.         0.14285715 0.         0.14285715 0.14285715
 0.14285715]",1.298842511693896,1.4988271936132724,0.1428571492433548,0.0,0.0,0.1428571492433548,0.1428571492433548,0.0,0.0,0.1428571492433548,0.0,0.1428571492433548,0.1428571492433548,0.1428571492433548,0.0
1447,2019-11-12,[0.  0.2 0.  0.2 0.  0.2 0.2 0.  0.2 0.  0.  0.  0. ],1.3077252909203405,1.504847957217374,0.20000000298023224,0.0,0.20000000298023224,0.0,0.20000000298023224,0.20000000298023224,0.0,0.20000000298023224,0.0,0.0,0.0,0.0,0.0
1448,2019-11-13,"[0.         0.14285715 0.14285715 0.         0.14285715 0.14285715
 0.         0.         0.14285715 0.         0.14285715 0.14285715
 0.        ]",1.3080139040898768,1.505044362963773,0.1428571492433548,0.1428571492433548,0.0,0.1428571492433548,0.1428571492433548,0.0,0.0,0.1428571492433548,0.0,0.1428571492433548,0.1428571492433548,0.0,0.0
1449,2019-11-14,[0.  0.2 0.  0.  0.2 0.  0.2 0.  0.  0.  0.2 0.2 0. ],1.296484781470529,1.493669131958634,0.20000000298023224,0.0,0.0,0.20000000298023224,0.0,0.20000000298023224,0.0,0.0,0.0,0.20000000298023224,0.20000000298023224,0.0,0.0
1450,2019-11-15,"[0.    0.125 0.125 0.    0.125 0.125 0.125 0.    0.    0.125 0.125 0.
 0.125]",1.2881670142289066,1.4887335004370015,0.125,0.125,0.0,0.125,0.125,0.125,0.0,0.0,0.125,0.125,0.0,0.125,0.0
1451,2019-11-18,"[0.         0.         0.         0.16666666 0.16666666 0.
 0.         0.         0.16666666 0.16666666 0.         0.16666666
 0.16666666]",1.2963636823566385,1.5069159614357341,0.0,0.0,0.1666666567325592,0.1666666567325592,0.0,0.0,0.0,0.1666666567325592,0.1666666567325592,0.0,0.1666666567325592,0.1666666567325592,0.0
1452,2019-11-19,[0.   0.   0.   0.   0.25 0.   0.   0.25 0.   0.25 0.25 0.   0.  ],1.2857391504188402,1.5068141570697817,0.0,0.0,0.0,0.25,0.0,0.0,0.25,0.0,0.25,0.25,0.0,0.0,0.0
1453,2019-11-20,[0.   0.   0.   0.25 0.   0.   0.   0.25 0.25 0.   0.   0.   0.25],1.2830604501466105,1.503586065041355,0.0,0.0,0.25,0.0,0.0,0.0,0.25,0.25,0.0,0.0,0.0,0.25,0.0
1454,2019-11-21,"[0.         0.         0.         0.         0.16666666 0.16666666
 0.16666666 0.16666666 0.         0.16666666 0.         0.16666666
 0.        ]",1.256576291924738,1.5037238369208137,0.0,0.0,0.0,0.1666666567325592,0.1666666567325592,0.1666666567325592,0.1666666567325592,0.0,0.1666666567325592,0.0,0.1666666567325592,0.0,0.0
1455,2019-11-22,[0.  0.  0.  0.  0.2 0.  0.2 0.  0.2 0.2 0.2 0.  0. ],1.2398675994537192,1.4951112840886314,0.0,0.0,0.0,0.20000000298023224,0.0,0.20000000298023224,0.0,0.20000000298023224,0.20000000298023224,0.20000000298023224,0.0,0.0,0.0
1456,2019-11-25,"[0.        0.1111111 0.1111111 0.1111111 0.1111111 0.1111111 0.
 0.1111111 0.        0.1111111 0.1111111 0.        0.1111111]",1.2407899727939014,1.5009688019920382,0.1111111044883728,0.1111111044883728,0.1111111044883728,0.1111111044883728,0.1111111044883728,0.0,0.1111111044883728,0.0,0.1111111044883728,0.1111111044883728,0.0,0.1111111044883728,0.0
1457,2019-11-26,"[0.         0.         0.14285715 0.14285715 0.14285715 0.14285715
 0.         0.14285715 0.14285715 0.         0.14285715 0.
 0.        ]",1.2453598057134825,1.4993851232543385,0.0,0.1428571492433548,0.1428571492433548,0.1428571492433548,0.1428571492433548,0.0,0.1428571492433548,0.1428571492433548,0.0,0.1428571492433548,0.0,0.0,0.0
1458,2019-11-27,[0.  0.2 0.  0.  0.2 0.  0.  0.2 0.  0.2 0.  0.2 0. ],1.2509424957668327,1.5061239655391379,0.20000000298023224,0.0,0.0,0.20000000298023224,0.0,0.0,0.20000000298023224,0.0,0.20000000298023224,0.0,0.20000000298023224,0.0,0.0
1459,2019-11-29,[0.   0.   0.   0.   0.   0.25 0.   0.   0.25 0.   0.25 0.25 0.  ],1.2449221249938602,1.50673474372954,0.0,0.0,0.0,0.0,0.25,0.0,0.0,0.25,0.0,0.25,0.25,0.0,0.0
1460,2019-12-02,[0.  0.  0.  0.  0.2 0.2 0.2 0.  0.  0.  0.2 0.  0.2],1.2590862688299649,1.5113580892095617,0.0,0.0,0.0,0.20000000298023224,0.20000000298023224,0.20000000298023224,0.0,0.0,0.0,0.20000000298023224,0.0,0.20000000298023224,0.0
1461,2019-12-03,[0.  0.  0.  0.  0.2 0.  0.  0.2 0.2 0.2 0.2 0.  0. ],1.2592005414114416,1.5183859614479975,0.0,0.0,0.0,0.20000000298023224,0.0,0.0,0.20000000298023224,0.20000000298023224,0.20000000298023224,0.20000000298023224,0.0,0.0,0.0
1462,2019-12-04,"[0.         0.14285715 0.14285715 0.14285715 0.         0.14285715
 0.         0.14285715 0.14285715 0.14285715 0.         0.
 0.        ]",1.2262950190605963,1.4749787946527004,0.1428571492433548,0.1428571492433548,0.1428571492433548,0.0,0.1428571492433548,0.0,0.1428571492433548,0.1428571492433548,0.1428571492433548,0.0,0.0,0.0,0.0
1463,2019-12-05,"[0.         0.16666666 0.16666666 0.         0.16666666 0.
 0.         0.16666666 0.         0.16666666 0.16666666 0.
 0.        ]",1.2348370350835354,1.4915257485192035,0.1666666567325592,0.1666666567325592,0.0,0.1666666567325592,0.0,0.0,0.1666666567325592,0.0,0.1666666567325592,0.1666666567325592,0.0,0.0,0.0
1464,2019-12-06,"[0.         0.16666666 0.         0.16666666 0.         0.
 0.         0.16666666 0.         0.16666666 0.16666666 0.
 0.16666666]",1.2454741597795116,1.4971888888101137,0.1666666567325592,0.0,0.1666666567325592,0.0,0.0,0.0,0.1666666567325592,0.0,0.1666666567325592,0.1666666567325592,0.0,0.1666666567325592,0.0
1465,2019-12-09,"[0.    0.125 0.125 0.125 0.    0.    0.125 0.125 0.125 0.    0.125 0.125
 0.   ]",1.258120708930397,1.5224685691850213,0.125,0.125,0.125,0.0,0.0,0.125,0.125,0.125,0.0,0.125,0.125,0.0,0.0
1466,2019-12-10,"[0.    0.    0.125 0.125 0.125 0.    0.125 0.    0.125 0.125 0.125 0.125
 0.   ]",1.2574208588881723,1.520205004696621,0.0,0.125,0.125,0.125,0.0,0.125,0.0,0.125,0.125,0.125,0.125,0.0,0.0
1467,2019-12-11,"[0.        0.        0.1111111 0.1111111 0.1111111 0.1111111 0.1111111
 0.        0.1111111 0.1111111 0.        0.1111111 0.1111111]",1.2537359403159023,1.515921069785513,0.0,0.1111111044883728,0.1111111044883728,0.1111111044883728,0.1111111044883728,0.1111111044883728,0.0,0.1111111044883728,0.1111111044883728,0.0,0.1111111044883728,0.1111111044883728,0.0
1468,2019-12-12,"[0.         0.16666666 0.         0.         0.         0.
 0.         0.16666666 0.16666666 0.16666666 0.16666666 0.16666666
 0.        ]",1.2500353910256448,1.515815571189369,0.1666666567325592,0.0,0.0,0.0,0.0,0.0,0.1666666567325592,0.1666666567325592,0.1666666567325592,0.1666666567325592,0.1666666567325592,0.0,0.0
1469,2019-12-13,[0.  0.  0.  0.2 0.2 0.  0.2 0.2 0.  0.2 0.  0.  0. ],1.2351695113361423,1.5083423739388284,0.0,0.0,0.20000000298023224,0.20000000298023224,0.0,0.20000000298023224,0.20000000298023224,0.0,0.20000000298023224,0.0,0.0,0.0,0.0
1470,2019-12-16,[0.   0.25 0.   0.   0.   0.   0.25 0.25 0.25 0.   0.   0.   0.  ],1.257049481158269,1.5320742859084324,0.25,0.0,0.0,0.0,0.0,0.25,0.25,0.25,0.0,0.0,0.0,0.0,0.0
1471,2019-12-17,"[0.        0.        0.        0.        0.        0.        0.3333333
 0.        0.3333333 0.        0.        0.        0.3333333]",1.2593905252402553,1.536263846625352,0.0,0.0,0.0,0.0,0.0,0.3333333134651184,0.0,0.3333333134651184,0.0,0.0,0.0,0.3333333134651184,0.0
1472,2019-12-18,[0.  0.  0.2 0.2 0.  0.2 0.2 0.  0.  0.  0.  0.  0.2],1.2708708910486362,1.5316026264503364,0.0,0.20000000298023224,0.20000000298023224,0.0,0.20000000298023224,0.20000000298023224,0.0,0.0,0.0,0.0,0.0,0.20000000298023224,0.0
1473,2019-12-19,"[0.         0.14285715 0.         0.         0.         0.14285715
 0.14285715 0.14285715 0.         0.         0.14285715 0.14285715
 0.14285715]",1.2728436079434904,1.5364150560452947,0.1428571492433548,0.0,0.0,0.0,0.1428571492433548,0.1428571492433548,0.1428571492433548,0.0,0.0,0.1428571492433548,0.1428571492433548,0.1428571492433548,0.0
1474,2019-12-20,[0.  0.2 0.  0.  0.2 0.  0.2 0.  0.  0.  0.2 0.  0.2],1.276239548416455,1.5349650209376702,0.20000000298023224,0.0,0.0,0.20000000298023224,0.0,0.20000000298023224,0.0,0.0,0.0,0.20000000298023224,0.0,0.20000000298023224,0.0
1475,2019-12-23,"[0.         0.         0.14285715 0.         0.14285715 0.14285715
 0.14285715 0.         0.14285715 0.         0.         0.14285715
 0.14285715]",1.2874987721688191,1.545936061450673,0.0,0.1428571492433548,0.0,0.1428571492433548,0.1428571492433548,0.1428571492433548,0.0,0.1428571492433548,0.0,0.0,0.1428571492433548,0.1428571492433548,0.0
1476,2019-12-24,"[0.        0.        0.        0.        0.        0.3333333 0.
 0.3333333 0.        0.        0.        0.3333333 0.       ]",1.3022311532891766,1.5557154118362484,0.0,0.0,0.0,0.0,0.3333333134651184,0.0,0.3333333134651184,0.0,0.0,0.0,0.3333333134651184,0.0,0.0
1477,2019-12-26,"[0.        0.        0.        0.3333333 0.        0.3333333 0.
 0.        0.        0.        0.        0.3333333 0.       ]",1.2848673630328307,1.5497268171309568,0.0,0.0,0.3333333134651184,0.0,0.3333333134651184,0.0,0.0,0.0,0.0,0.0,0.3333333134651184,0.0,0.0
1478,2019-12-27,"[0.         0.         0.         0.14285715 0.         0.14285715
 0.         0.14285715 0.         0.14285715 0.14285715 0.14285715
 0.14285715]",1.2965368688730037,1.5535309034136027,0.0,0.0,0.1428571492433548,0.0,0.1428571492433548,0.0,0.1428571492433548,0.0,0.1428571492433548,0.1428571492433548,0.1428571492433548,0.1428571492433548,0.0
1479,2019-12-30,"[0.         0.         0.16666666 0.16666666 0.16666666 0.16666666
 0.         0.         0.16666666 0.         0.         0.
 0.16666666]",1.2924647191149083,1.5561417788539802,0.0,0.1666666567325592,0.1666666567325592,0.1666666567325592,0.1666666567325592,0.0,0.0,0.1666666567325592,0.0,0.0,0.0,0.1666666567325592,0.0
1480,2019-12-31,"[0.    0.125 0.125 0.125 0.    0.125 0.    0.125 0.125 0.    0.    0.125
 0.125]",1.2942759940874793,1.5783285967082892,0.125,0.125,0.125,0.0,0.125,0.0,0.125,0.125,0.0,0.0,0.125,0.125,0.0
